DATASET = All time best instance set VeRoLog competition
NAME = tools over vehicles over vehicle days over distance with 100 requests over 10 days

DAY = 1
NUMBER_OF_VEHICLES = 15
1 R 0 3 0
2 R 0 14 0
3 R 0 25 0
4 R 0 29 0
5 R 0 33 0
6 R 0 58 0
7 R 0 61 0
8 R 0 68 0
9 R 0 69 0
10 R 0 70 0
11 R 0 80 0
12 R 0 81 0
13 R 0 86 0
14 R 0 87 0
15 R 0 95 0

DAY = 2
NUMBER_OF_VEHICLES = 22
1 R 0 -14 30 0
2 R 0 -69 7 0
3 R 0 -87 8 0
4 R 0 16 0
5 R 0 24 0
6 R 0 27 0
7 R 0 34 0
8 R 0 36 0
9 R 0 42 0
10 R 0 46 0
11 R 0 50 0
12 R 0 52 0
13 R 0 55 0
14 R 0 57 0
15 R 0 72 0
16 R 0 79 0
17 R 0 88 0
18 R 0 89 0
19 R 0 91 0
20 R 0 94 0
21 R 0 96 0
22 R 0 97 0

DAY = 3
NUMBER_OF_VEHICLES = 16
1 R 0 -29 0
2 R 0 -58 31 0
3 R 0 -68 32 0
4 R 0 -70 38 0
5 R 0 -86 40 0
6 R 0 -95 5 0
7 R 0 -7 45 0
8 R 0 -50 51 0
9 R 0 -52 15 0
10 R 0 -72 62 0
11 R 0 -97 93 0
12 R 0 53 0
13 R 0 65 0
14 R 0 73 0
15 R 0 74 0
16 R 0 98 0

DAY = 4
NUMBER_OF_VEHICLES = 19
1 R 0 -3 19 0
2 R 0 -25 4 0
3 R 0 -33 28 0
4 R 0 -61 35 0
5 R 0 -80 37 0
6 R 0 -81 66 0
7 R 0 -16 47 0
8 R 0 -27 0
9 R 0 -42 18 0
10 R 0 -46 43 0
11 R 0 -57 0
12 R 0 -89 0
13 R 0 -94 67 0
14 R 0 -96 99 0
15 R 0 -31 0
16 R 0 -65 0
17 R 0 49 0
18 R 0 59 0
19 R 0 75 0

DAY = 5
NUMBER_OF_VEHICLES = 27
1 R 0 -30 2 0
2 R 0 -8 1 0
3 R 0 -24 17 0
4 R 0 -34 90 0
5 R 0 -36 83 0
6 R 0 -55 92 0
7 R 0 -79 11 0
8 R 0 -88 0
9 R 0 -91 0
10 R 0 -32 0
11 R 0 -38 12 0
12 R 0 -5 0
13 R 0 -45 48 0
14 R 0 -51 0
15 R 0 -15 0
16 R 0 -62 0
17 R 0 -73 0
18 R 0 -74 0
19 R 0 -98 0
20 R 0 -35 56 0
21 R 0 -67 0
22 R 0 -99 0
23 R 0 -49 0
24 R 0 -75 0
25 R 0 77 0
26 R 0 78 0
27 R 0 100 0

DAY = 6
NUMBER_OF_VEHICLES = 15
1 R 0 -40 9 0
2 R 0 -93 54 0
3 R 0 -53 10 0
4 R 0 -19 0
5 R 0 -4 64 0
6 R 0 -28 82 0
7 R 0 -37 6 0
8 R 0 -66 13 0
9 R 0 -59 22 0
10 R 0 -83 20 0
11 R 0 21 0
12 R 0 23 0
13 R 0 39 0
14 R 0 84 0
15 R 0 85 0

DAY = 7
NUMBER_OF_VEHICLES = 16
1 R 0 -47 26 0
2 R 0 -18 0
3 R 0 -43 71 0
4 R 0 -2 0
5 R 0 -1 44 0
6 R 0 -17 0
7 R 0 -92 0
8 R 0 -11 60 0
9 R 0 -12 76 0
10 R 0 -48 0
11 R 0 -64 0
12 R 0 -6 0
13 R 0 -20 0
14 R 0 -21 0
15 R 0 -23 0
16 R 0 -85 0

DAY = 8
NUMBER_OF_VEHICLES = 14
1 R 0 -90 63 0
2 R 0 -56 0
3 R 0 -77 0
4 R 0 -78 0
5 R 0 -100 0
6 R 0 -9 0
7 R 0 -54 0
8 R 0 -22 0
9 R 0 -39 0
10 R 0 -84 0
11 R 0 -71 0
12 R 0 -44 41 0
13 R 0 -60 0
14 R 0 -76 0

DAY = 9
NUMBER_OF_VEHICLES = 6
1 R 0 -10 0
2 R 0 -82 0
3 R 0 -13 0
4 R 0 -26 0
5 R 0 -63 0
6 R 0 -41 0

