DATASET = All time best instance set VeRoLog competition
NAME = vehicles over tools over vehicle days over distance with 100 requests over 10 days

DAY = 1
NUMBER_OF_VEHICLES = 16
1 R 0 5 0
2 R 0 9 0
3 R 0 26 0
4 R 0 28 0
5 R 0 29 0
6 R 0 31 0
7 R 0 35 0
8 R 0 36 0
9 R 0 38 0
10 R 0 60 0
11 R 0 71 0
12 R 0 76 0
13 R 0 80 0
14 R 0 81 0
15 R 0 95 0
16 R 0 99 0

DAY = 2
NUMBER_OF_VEHICLES = 19
1 R 0 -9 11 0
2 R 0 -36 12 0
3 R 0 -38 2 0
4 R 0 -95 7 0
5 R 0 17 0
6 R 0 18 0
7 R 0 22 0
8 R 0 37 0
9 R 0 40 0
10 R 0 43 0
11 R 0 59 0
12 R 0 62 0
13 R 0 64 0
14 R 0 67 0
15 R 0 70 0
16 R 0 83 0
17 R 0 90 0
18 R 0 94 0
19 R 0 96 0

DAY = 3
NUMBER_OF_VEHICLES = 27
1 R 0 -26 6 0
2 R 0 -71 4 0
3 R 0 -80 8 0
4 R 0 -2 14 0
5 R 0 -40 13 0
6 R 0 -64 15 0
7 R 0 -67 34 0
8 R 0 -83 39 0
9 R 0 -94 45 0
10 R 0 16 0
11 R 0 24 0
12 R 0 30 0
13 R 0 44 0
14 R 0 47 0
15 R 0 49 0
16 R 0 56 0
17 R 0 61 0
18 R 0 65 0
19 R 0 66 0
20 R 0 69 0
21 R 0 75 0
22 R 0 77 0
23 R 0 84 0
24 R 0 87 0
25 R 0 88 0
26 R 0 91 0
27 R 0 92 0

DAY = 4
NUMBER_OF_VEHICLES = 28
1 R 0 -5 1 0
2 R 0 -28 10 0
3 R 0 -29 42 0
4 R 0 -31 48 0
5 R 0 -35 27 0
6 R 0 -60 41 0
7 R 0 -76 52 0
8 R 0 -81 57 0
9 R 0 -99 0
10 R 0 -11 53 0
11 R 0 -12 79 0
12 R 0 -7 0
13 R 0 -17 0
14 R 0 -18 86 0
15 R 0 -37 0
16 R 0 -43 0
17 R 0 -59 97 0
18 R 0 -62 0
19 R 0 -70 100 0
20 R 0 -90 0
21 R 0 -96 0
22 R 0 -34 0
23 R 0 -47 0
24 R 0 -49 0
25 R 0 -66 0
26 R 0 -87 0
27 R 0 -91 0
28 R 0 -92 0

DAY = 5
NUMBER_OF_VEHICLES = 14
1 R 0 -22 19 0
2 R 0 -4 20 0
3 R 0 -8 46 0
4 R 0 -39 3 0
5 R 0 -45 32 0
6 R 0 -24 73 0
7 R 0 -61 50 0
8 R 0 -69 74 0
9 R 0 -75 82 0
10 R 0 -77 51 0
11 R 0 -88 85 0
12 R 0 -48 98 0
13 R 0 -57 58 0
14 R 0 -53 0

DAY = 6
NUMBER_OF_VEHICLES = 20
1 R 0 -6 25 0
2 R 0 -14 33 0
3 R 0 -13 23 0
4 R 0 -15 54 0
5 R 0 -16 55 0
6 R 0 -30 63 0
7 R 0 -44 68 0
8 R 0 -56 89 0
9 R 0 -65 0
10 R 0 -84 72 0
11 R 0 -1 0
12 R 0 -27 78 0
13 R 0 -79 0
14 R 0 -100 0
15 R 0 -20 0
16 R 0 -46 0
17 R 0 -50 0
18 R 0 -82 0
19 R 0 -85 0
20 R 0 -98 0

DAY = 7
NUMBER_OF_VEHICLES = 14
1 R 0 -10 0
2 R 0 -42 0
3 R 0 -41 21 0
4 R 0 -52 0
5 R 0 -86 0
6 R 0 -97 0
7 R 0 -32 93 0
8 R 0 -74 0
9 R 0 -51 0
10 R 0 -58 0
11 R 0 -25 0
12 R 0 -23 0
13 R 0 -68 0
14 R 0 -72 0

DAY = 8
NUMBER_OF_VEHICLES = 11
1 R 0 -19 0
2 R 0 -3 0
3 R 0 -73 0
4 R 0 -33 0
5 R 0 -54 0
6 R 0 -55 0
7 R 0 -63 0
8 R 0 -89 0
9 R 0 -78 0
10 R 0 -21 0
11 R 0 -93 0

