DATASET = All time best instance set VeRoLog competition
NAME = vehicle days over tools over vehicles over distance with 1000 requests over 25 days

DAY = 1
NUMBER_OF_VEHICLES = 32
1 R 0 26 0
2 R 0 107 0
3 R 0 137 0
4 R 0 156 0
5 R 0 169 0
6 R 0 191 0
7 R 0 218 0
8 R 0 281 0
9 R 0 282 0
10 R 0 317 0
11 R 0 330 0
12 R 0 359 0
13 R 0 378 0
14 R 0 403 0
15 R 0 458 0
16 R 0 465 0
17 R 0 485 0
18 R 0 541 0
19 R 0 582 0
20 R 0 640 0
21 R 0 687 0
22 R 0 693 0
23 R 0 715 0
24 R 0 743 0
25 R 0 780 0
26 R 0 782 0
27 R 0 798 0
28 R 0 802 0
29 R 0 837 0
30 R 0 873 0
31 R 0 920 0
32 R 0 956 0

DAY = 2
NUMBER_OF_VEHICLES = 46
1 R 0 -107 57 0
2 R 0 -330 5 0
3 R 0 -403 273 0
4 R 0 -458 118 0
5 R 0 -465 39 0
6 R 0 -541 56 0
7 R 0 -687 348 0
8 R 0 -837 199 0
9 R 0 95 0
10 R 0 112 0
11 R 0 155 0
12 R 0 228 0
13 R 0 237 0
14 R 0 244 0
15 R 0 271 0
16 R 0 319 0
17 R 0 354 0
18 R 0 355 0
19 R 0 368 0
20 R 0 467 0
21 R 0 488 0
22 R 0 504 0
23 R 0 514 0
24 R 0 552 0
25 R 0 560 0
26 R 0 573 0
27 R 0 574 0
28 R 0 580 0
29 R 0 622 0
30 R 0 656 0
31 R 0 662 0
32 R 0 663 0
33 R 0 664 0
34 R 0 680 0
35 R 0 697 0
36 R 0 727 0
37 R 0 739 0
38 R 0 744 0
39 R 0 746 0
40 R 0 752 0
41 R 0 771 0
42 R 0 784 0
43 R 0 796 0
44 R 0 858 0
45 R 0 887 0
46 R 0 961 0

DAY = 3
NUMBER_OF_VEHICLES = 41
1 R 0 -26 21 0
2 R 0 -156 53 0
3 R 0 -169 339 0
4 R 0 -218 101 0
5 R 0 -282 3 0
6 R 0 -317 429 0
7 R 0 -582 20 0
8 R 0 -640 214 0
9 R 0 -693 509 0
10 R 0 -715 220 0
11 R 0 -743 115 0
12 R 0 -780 529 0
13 R 0 -802 537 0
14 R 0 -956 121 0
15 R 0 -95 532 0
16 R 0 -155 916 0
17 R 0 -319 265 0
18 R 0 -354 544 0
19 R 0 -355 986 0
20 R 0 -368 636 0
21 R 0 -560 655 0
22 R 0 -662 0
23 R 0 -664 270 0
24 R 0 -680 0
25 R 0 -697 361 0
26 R 0 -727 372 0
27 R 0 -739 825 0
28 R 0 -744 896 0
29 R 0 -752 531 0
30 R 0 -771 0
31 R 0 482 0
32 R 0 494 0
33 R 0 546 0
34 R 0 682 0
35 R 0 695 0
36 R 0 753 0
37 R 0 803 0
38 R 0 827 0
39 R 0 891 0
40 R 0 892 0
41 R 0 948 0

DAY = 4
NUMBER_OF_VEHICLES = 58
1 R 0 -137 164 0
2 R 0 -191 170 0
3 R 0 -281 190 0
4 R 0 -359 37 0
5 R 0 -378 77 0
6 R 0 -485 198 0
7 R 0 -782 58 0
8 R 0 -798 492 0
9 R 0 -873 805 0
10 R 0 -920 74 0
11 R 0 -57 81 0
12 R 0 -5 189 0
13 R 0 -273 217 0
14 R 0 -39 250 0
15 R 0 -199 423 0
16 R 0 -112 80 0
17 R 0 -228 702 0
18 R 0 -237 795 0
19 R 0 -244 245 0
20 R 0 -271 855 0
21 R 0 -467 309 0
22 R 0 -504 0
23 R 0 -514 222 0
24 R 0 -573 362 0
25 R 0 -574 347 0
26 R 0 -580 842 0
27 R 0 -622 0
28 R 0 -663 0
29 R 0 -784 851 0
30 R 0 -796 0
31 R 0 -858 905 0
32 R 0 -887 376 0
33 R 0 -537 0
34 R 0 -121 937 0
35 R 0 -916 515 0
36 R 0 -544 0
37 R 0 -636 0
38 R 0 -655 0
39 R 0 -270 0
40 R 0 -825 0
41 R 0 -482 399 0
42 R 0 -546 0
43 R 0 -695 480 0
44 R 0 -891 0
45 R 0 -892 0
46 R 0 513 0
47 R 0 613 0
48 R 0 704 0
49 R 0 723 0
50 R 0 764 0
51 R 0 793 0
52 R 0 799 0
53 R 0 859 0
54 R 0 867 0
55 R 0 872 0
56 R 0 898 0
57 R 0 988 0
58 R 0 996 0

DAY = 5
NUMBER_OF_VEHICLES = 55
1 R 0 -118 49 0
2 R 0 -56 92 0
3 R 0 -348 203 0
4 R 0 -488 204 0
5 R 0 -552 125 0
6 R 0 -656 172 0
7 R 0 -746 266 0
8 R 0 -961 184 0
9 R 0 -101 308 0
10 R 0 -3 67 0
11 R 0 -429 197 0
12 R 0 -220 392 0
13 R 0 -115 135 0
14 R 0 -529 343 0
15 R 0 -532 437 0
16 R 0 -986 459 0
17 R 0 -372 180 0
18 R 0 -531 185 0
19 R 0 -494 523 0
20 R 0 -753 585 0
21 R 0 -948 344 0
22 R 0 -164 416 0
23 R 0 -170 427 0
24 R 0 -198 455 0
25 R 0 -189 195 0
26 R 0 -795 648 0
27 R 0 -842 674 0
28 R 0 -515 489 0
29 R 0 -704 521 0
30 R 0 -764 536 0
31 R 0 -859 658 0
32 R 0 479 0
33 R 0 519 0
34 R 0 556 0
35 R 0 562 0
36 R 0 575 0
37 R 0 607 0
38 R 0 626 0
39 R 0 632 0
40 R 0 660 0
41 R 0 678 0
42 R 0 686 0
43 R 0 710 0
44 R 0 777 0
45 R 0 800 0
46 R 0 810 0
47 R 0 820 0
48 R 0 843 0
49 R 0 878 0
50 R 0 888 0
51 R 0 922 0
52 R 0 925 0
53 R 0 933 0
54 R 0 991 0
55 R 0 997 0

DAY = 6
NUMBER_OF_VEHICLES = 52
1 R 0 -21 34 0
2 R 0 -53 70 0
3 R 0 -339 264 0
4 R 0 -20 90 0
5 R 0 -214 41 0
6 R 0 -509 275 0
7 R 0 -265 448 0
8 R 0 -361 500 0
9 R 0 -896 288 0
10 R 0 -682 47 0
11 R 0 -803 105 0
12 R 0 -827 832 0
13 R 0 -190 371 0
14 R 0 -37 113 0
15 R 0 -74 861 0
16 R 0 -81 117 0
17 R 0 -217 397 0
18 R 0 -423 865 0
19 R 0 -80 132 0
20 R 0 -245 174 0
21 R 0 -855 393 0
22 R 0 -309 241 0
23 R 0 -222 473 0
24 R 0 -851 0
25 R 0 -905 0
26 R 0 -937 0
27 R 0 -399 506 0
28 R 0 -793 386 0
29 R 0 -867 394 0
30 R 0 -872 462 0
31 R 0 -898 586 0
32 R 0 -184 401 0
33 R 0 -392 474 0
34 R 0 -523 0
35 R 0 -344 643 0
36 R 0 -416 651 0
37 R 0 -648 0
38 R 0 -521 653 0
39 R 0 -575 762 0
40 R 0 -626 684 0
41 R 0 -678 725 0
42 R 0 -686 735 0
43 R 0 -710 694 0
44 R 0 -820 984 0
45 R 0 -843 0
46 R 0 -888 772 0
47 R 0 -933 0
48 R 0 729 0
49 R 0 835 0
50 R 0 845 0
51 R 0 979 0
52 R 0 998 0

DAY = 7
NUMBER_OF_VEHICLES = 60
1 R 0 -77 31 0
2 R 0 -58 108 0
3 R 0 -492 6 0
4 R 0 -805 61 0
5 R 0 -250 16 0
6 R 0 -702 63 0
7 R 0 -362 149 0
8 R 0 -347 122 0
9 R 0 -376 211 0
10 R 0 -480 324 0
11 R 0 -513 382 0
12 R 0 -613 432 0
13 R 0 -723 216 0
14 R 0 -799 471 0
15 R 0 -988 253 0
16 R 0 -996 511 0
17 R 0 -49 94 0
18 R 0 -203 553 0
19 R 0 -125 294 0
20 R 0 -172 187 0
21 R 0 -266 315 0
22 R 0 -308 554 0
23 R 0 -67 68 0
24 R 0 -135 310 0
25 R 0 -437 336 0
26 R 0 -459 404 0
27 R 0 -180 722 0
28 R 0 -455 205 0
29 R 0 -479 262 0
30 R 0 -519 295 0
31 R 0 -562 431 0
32 R 0 -660 346 0
33 R 0 -925 522 0
34 R 0 -34 611 0
35 R 0 -288 438 0
36 R 0 -397 667 0
37 R 0 -132 597 0
38 R 0 -506 779 0
39 R 0 -643 547 0
40 R 0 -772 822 0
41 R 0 -835 579 0
42 R 0 601 0
43 R 0 609 0
44 R 0 620 0
45 R 0 748 0
46 R 0 755 0
47 R 0 756 0
48 R 0 775 0
49 R 0 786 0
50 R 0 830 0
51 R 0 879 0
52 R 0 886 0
53 R 0 897 0
54 R 0 926 0
55 R 0 934 0
56 R 0 939 0
57 R 0 943 0
58 R 0 946 0
59 R 0 975 0
60 R 0 990 0

DAY = 8
NUMBER_OF_VEHICLES = 58
1 R 0 -92 325 0
2 R 0 -204 62 0
3 R 0 -197 0
4 R 0 -343 0
5 R 0 -185 111 0
6 R 0 -585 129 0
7 R 0 -427 51 0
8 R 0 -195 153 0
9 R 0 -674 290 0
10 R 0 -489 408 0
11 R 0 -536 502 0
12 R 0 -658 240 0
13 R 0 -556 60 0
14 R 0 -607 110 0
15 R 0 -632 610 0
16 R 0 -777 345 0
17 R 0 -800 383 0
18 R 0 -810 186 0
19 R 0 -878 279 0
20 R 0 -922 992 0
21 R 0 -991 464 0
22 R 0 -997 396 0
23 R 0 -70 209 0
24 R 0 -275 233 0
25 R 0 -500 460 0
26 R 0 -105 495 0
27 R 0 -861 555 0
28 R 0 -393 349 0
29 R 0 -241 0
30 R 0 -473 501 0
31 R 0 -401 446 0
32 R 0 -651 491 0
33 R 0 -762 0
34 R 0 -694 542 0
35 R 0 -729 617 0
36 R 0 -108 0
37 R 0 -149 0
38 R 0 -211 534 0
39 R 0 -324 676 0
40 R 0 -471 736 0
41 R 0 -94 840 0
42 R 0 -553 823 0
43 R 0 -294 0
44 R 0 -68 670 0
45 R 0 -310 700 0
46 R 0 -205 928 0
47 R 0 -295 942 0
48 R 0 -431 0
49 R 0 -611 824 0
50 R 0 -779 0
51 R 0 -620 0
52 R 0 -748 0
53 R 0 -756 0
54 R 0 -775 0
55 R 0 -926 828 0
56 R 0 834 0
57 R 0 869 0
58 R 0 929 0

DAY = 9
NUMBER_OF_VEHICLES = 62
1 R 0 -264 161 0
2 R 0 -90 109 0
3 R 0 -41 291 0
4 R 0 -448 138 0
5 R 0 -47 10 0
6 R 0 -832 175 0
7 R 0 -371 258 0
8 R 0 -113 148 0
9 R 0 -117 159 0
10 R 0 -865 207 0
11 R 0 -174 300 0
12 R 0 -386 367 0
13 R 0 -394 381 0
14 R 0 -462 447 0
15 R 0 -586 298 0
16 R 0 -474 450 0
17 R 0 -653 935 0
18 R 0 -684 419 0
19 R 0 -725 0
20 R 0 -735 364 0
21 R 0 -984 0
22 R 0 -845 395 0
23 R 0 -979 418 0
24 R 0 -998 439 0
25 R 0 -16 320 0
26 R 0 -63 405 0
27 R 0 -382 545 0
28 R 0 -432 566 0
29 R 0 -253 0
30 R 0 -511 733 0
31 R 0 -187 0
32 R 0 -404 0
33 R 0 -522 0
34 R 0 -438 605 0
35 R 0 -667 742 0
36 R 0 -547 614 0
37 R 0 -601 635 0
38 R 0 -786 0
39 R 0 -830 691 0
40 R 0 -879 701 0
41 R 0 -886 740 0
42 R 0 -934 443 0
43 R 0 -975 625 0
44 R 0 -990 627 0
45 R 0 -51 866 0
46 R 0 -408 0
47 R 0 -240 751 0
48 R 0 -60 945 0
49 R 0 -110 965 0
50 R 0 -345 909 0
51 R 0 -383 972 0
52 R 0 -992 0
53 R 0 -209 0
54 R 0 -233 0
55 R 0 -495 768 0
56 R 0 -555 0
57 R 0 -542 0
58 R 0 -840 0
59 R 0 -670 0
60 R 0 -824 856 0
61 R 0 -828 0
62 R 0 952 0

DAY = 10
NUMBER_OF_VEHICLES = 63
1 R 0 -31 64 0
2 R 0 -6 166 0
3 R 0 -61 0
4 R 0 -122 478 0
5 R 0 -216 83 0
6 R 0 -315 144 0
7 R 0 -554 692 0
8 R 0 -336 145 0
9 R 0 -722 52 0
10 R 0 -262 247 0
11 R 0 -346 248 0
12 R 0 -597 457 0
13 R 0 -822 699 0
14 R 0 -579 252 0
15 R 0 -609 466 0
16 R 0 -755 0
17 R 0 -897 84 0
18 R 0 -939 106 0
19 R 0 -943 713 0
20 R 0 -946 128 0
21 R 0 -325 507 0
22 R 0 -62 846 0
23 R 0 -129 860 0
24 R 0 -153 224 0
25 R 0 -290 251 0
26 R 0 -502 571 0
27 R 0 -279 864 0
28 R 0 -396 305 0
29 R 0 -460 307 0
30 R 0 -501 912 0
31 R 0 -617 539 0
32 R 0 -534 944 0
33 R 0 -700 587 0
34 R 0 -929 642 0
35 R 0 -148 969 0
36 R 0 -207 645 0
37 R 0 -367 604 0
38 R 0 -447 741 0
39 R 0 -298 0
40 R 0 -439 0
41 R 0 -405 765 0
42 R 0 -614 637 0
43 R 0 -443 811 0
44 R 0 -866 654 0
45 R 0 -945 657 0
46 R 0 -965 681 0
47 R 0 -972 814 0
48 R 0 747 0
49 R 0 759 0
50 R 0 776 0
51 R 0 807 0
52 R 0 809 0
53 R 0 833 0
54 R 0 836 0
55 R 0 850 0
56 R 0 868 0
57 R 0 882 0
58 R 0 906 0
59 R 0 910 0
60 R 0 931 0
61 R 0 967 0
62 R 0 985 0
63 R 0 993 0

DAY = 11
NUMBER_OF_VEHICLES = 55
1 R 0 -111 69 0
2 R 0 -610 0
3 R 0 -186 87 0
4 R 0 -464 375 0
5 R 0 -349 93 0
6 R 0 -446 179 0
7 R 0 -491 388 0
8 R 0 -676 433 0
9 R 0 -736 469 0
10 R 0 -823 641 0
11 R 0 -928 407 0
12 R 0 -942 440 0
13 R 0 -834 91 0
14 R 0 -869 200 0
15 R 0 -161 463 0
16 R 0 -10 649 0
17 R 0 -175 263 0
18 R 0 -258 726 0
19 R 0 -159 719 0
20 R 0 -395 734 0
21 R 0 -545 774 0
22 R 0 -733 0
23 R 0 -605 839 0
24 R 0 -742 0
25 R 0 -751 0
26 R 0 -856 0
27 R 0 -166 911 0
28 R 0 -83 1 0
29 R 0 -144 44 0
30 R 0 -699 0
31 R 0 -466 968 0
32 R 0 -860 0
33 R 0 -224 329 0
34 R 0 -539 989 0
35 R 0 -944 0
36 R 0 -587 380 0
37 R 0 -642 449 0
38 R 0 -645 490 0
39 R 0 -637 0
40 R 0 -681 0
41 R 0 -759 0
42 R 0 -850 0
43 R 0 -868 496 0
44 R 0 -882 130 0
45 R 0 -906 538 0
46 R 0 -910 223 0
47 R 0 -931 569 0
48 R 0 -985 591 0
49 R 0 596 0
50 R 0 618 0
51 R 0 703 0
52 R 0 714 0
53 R 0 730 0
54 R 0 760 0
55 R 0 857 0

DAY = 12
NUMBER_OF_VEHICLES = 60
1 R 0 -109 234 0
2 R 0 -291 40 0
3 R 0 -138 581 0
4 R 0 -300 89 0
5 R 0 -381 246 0
6 R 0 -450 303 0
7 R 0 -935 321 0
8 R 0 -419 208 0
9 R 0 -364 181 0
10 R 0 -418 312 0
11 R 0 -320 612 0
12 R 0 -566 567 0
13 R 0 -635 508 0
14 R 0 -691 584 0
15 R 0 -701 634 0
16 R 0 -740 652 0
17 R 0 -625 705 0
18 R 0 -627 724 0
19 R 0 -909 737 0
20 R 0 -768 787 0
21 R 0 -952 913 0
22 R 0 -64 918 0
23 R 0 -478 0
24 R 0 -692 0
25 R 0 -52 749 0
26 R 0 -248 669 0
27 R 0 -457 332 0
28 R 0 -252 813 0
29 R 0 -84 767 0
30 R 0 -106 788 0
31 R 0 -128 0
32 R 0 -507 406 0
33 R 0 -846 0
34 R 0 -571 411 0
35 R 0 -741 525 0
36 R 0 -811 791 0
37 R 0 -654 917 0
38 R 0 -657 0
39 R 0 -747 578 0
40 R 0 -776 709 0
41 R 0 -833 0
42 R 0 -967 0
43 R 0 -993 792 0
44 R 0 -87 0
45 R 0 -93 0
46 R 0 -179 0
47 R 0 -388 0
48 R 0 -433 0
49 R 0 -726 0
50 R 0 -968 0
51 R 0 -989 0
52 R 0 -496 817 0
53 R 0 -223 876 0
54 R 0 -569 908 0
55 R 0 -596 853 0
56 R 0 -618 923 0
57 R 0 -714 949 0
58 R 0 885 0
59 R 0 890 0
60 R 0 893 0

DAY = 13
NUMBER_OF_VEHICLES = 58
1 R 0 -145 22 0
2 R 0 -247 48 0
3 R 0 -713 12 0
4 R 0 -251 8 0
5 R 0 -864 139 0
6 R 0 -305 42 0
7 R 0 -307 88 0
8 R 0 -912 154 0
9 R 0 -969 238 0
10 R 0 -604 182 0
11 R 0 -765 410 0
12 R 0 -814 550 0
13 R 0 -807 249 0
14 R 0 -809 96 0
15 R 0 -836 716 0
16 R 0 -69 790 0
17 R 0 -200 904 0
18 R 0 -263 915 0
19 R 0 -911 176 0
20 R 0 -1 261 0
21 R 0 -329 973 0
22 R 0 -591 351 0
23 R 0 -703 0
24 R 0 -730 0
25 R 0 -760 0
26 R 0 -234 0
27 R 0 -581 0
28 R 0 -612 0
29 R 0 -508 232 0
30 R 0 -634 390 0
31 R 0 -787 289 0
32 R 0 -913 304 0
33 R 0 -918 412 0
34 R 0 -332 475 0
35 R 0 -788 0
36 R 0 -411 510 0
37 R 0 -917 481 0
38 R 0 -709 512 0
39 R 0 -792 0
40 R 0 -908 608 0
41 R 0 -923 615 0
42 R 0 -885 0
43 R 0 -890 0
44 R 0 483 0
45 R 0 487 0
46 R 0 621 0
47 R 0 708 0
48 R 0 732 0
49 R 0 750 0
50 R 0 815 0
51 R 0 838 0
52 R 0 874 0
53 R 0 877 0
54 R 0 883 0
55 R 0 930 0
56 R 0 932 0
57 R 0 940 0
58 R 0 995 0

DAY = 14
NUMBER_OF_VEHICLES = 54
1 R 0 -375 11 0
2 R 0 -469 120 0
3 R 0 -641 134 0
4 R 0 -407 33 0
5 R 0 -440 124 0
6 R 0 -91 19 0
7 R 0 -463 131 0
8 R 0 -649 268 0
9 R 0 -719 451 0
10 R 0 -734 503 0
11 R 0 -774 576 0
12 R 0 -839 230 0
13 R 0 -44 133 0
14 R 0 -380 147 0
15 R 0 -449 225 0
16 R 0 -490 334 0
17 R 0 -130 141 0
18 R 0 -538 387 0
19 R 0 -857 400 0
20 R 0 -40 239 0
21 R 0 -89 505 0
22 R 0 -246 528 0
23 R 0 -303 598 0
24 R 0 -208 256 0
25 R 0 -181 599 0
26 R 0 -312 875 0
27 R 0 -567 902 0
28 R 0 -652 314 0
29 R 0 -737 421 0
30 R 0 -749 548 0
31 R 0 -669 338 0
32 R 0 -813 341 0
33 R 0 -767 595 0
34 R 0 -525 638 0
35 R 0 -817 801 0
36 R 0 -853 831 0
37 R 0 -949 720 0
38 R 0 -22 889 0
39 R 0 -12 936 0
40 R 0 -42 970 0
41 R 0 -88 978 0
42 R 0 -410 0
43 R 0 -96 430 0
44 R 0 -790 0
45 R 0 -261 964 0
46 R 0 -973 0
47 R 0 -289 960 0
48 R 0 -412 0
49 R 0 -608 1000 0
50 R 0 -487 0
51 R 0 -838 549 0
52 R 0 -930 0
53 R 0 -932 683 0
54 R 0 955 0

DAY = 15
NUMBER_OF_VEHICLES = 51
1 R 0 -321 4 0
2 R 0 -584 27 0
3 R 0 -705 35 0
4 R 0 -724 136 0
5 R 0 -406 85 0
6 R 0 -791 171 0
7 R 0 -578 158 0
8 R 0 -876 221 0
9 R 0 -893 243 0
10 R 0 -48 65 0
11 R 0 -182 242 0
12 R 0 -716 590 0
13 R 0 -915 602 0
14 R 0 -176 82 0
15 R 0 -351 498 0
16 R 0 -390 114 0
17 R 0 -304 2 0
18 R 0 -475 565 0
19 R 0 -481 173 0
20 R 0 -615 914 0
21 R 0 -708 206 0
22 R 0 -815 274 0
23 R 0 -874 276 0
24 R 0 -940 414 0
25 R 0 -995 71 0
26 R 0 -134 98 0
27 R 0 -33 444 0
28 R 0 -19 690 0
29 R 0 -131 577 0
30 R 0 -268 188 0
31 R 0 -503 219 0
32 R 0 -133 959 0
33 R 0 -141 963 0
34 R 0 -239 0
35 R 0 -599 306 0
36 R 0 -875 477 0
37 R 0 -341 589 0
38 R 0 -964 0
39 R 0 -1000 0
40 R 0 -549 647 0
41 R 0 -683 688 0
42 R 0 -955 980 0
43 R 0 583 0
44 R 0 594 0
45 R 0 718 0
46 R 0 758 0
47 R 0 880 0
48 R 0 921 0
49 R 0 957 0
50 R 0 981 0
51 R 0 999 0

DAY = 16
NUMBER_OF_VEHICLES = 57
1 R 0 -8 66 0
2 R 0 -139 24 0
3 R 0 -154 168 0
4 R 0 -238 326 0
5 R 0 -550 157 0
6 R 0 -249 25 0
7 R 0 -904 177 0
8 R 0 -232 17 0
9 R 0 -510 28 0
10 R 0 -512 260 0
11 R 0 -483 50 0
12 R 0 -621 333 0
13 R 0 -732 357 0
14 R 0 -750 369 0
15 R 0 -877 557 0
16 R 0 -883 277 0
17 R 0 -124 127 0
18 R 0 -451 754 0
19 R 0 -576 953 0
20 R 0 -230 152 0
21 R 0 -334 293 0
22 R 0 -400 441 0
23 R 0 -505 323 0
24 R 0 -256 543 0
25 R 0 -421 666 0
26 R 0 -548 770 0
27 R 0 -338 570 0
28 R 0 -595 789 0
29 R 0 -638 352 0
30 R 0 -801 804 0
31 R 0 -720 442 0
32 R 0 -889 472 0
33 R 0 -978 907 0
34 R 0 -960 976 0
35 R 0 -27 593 0
36 R 0 -35 0
37 R 0 -65 600 0
38 R 0 -242 572 0
39 R 0 -82 673 0
40 R 0 -498 639 0
41 R 0 -114 894 0
42 R 0 -2 0
43 R 0 -173 0
44 R 0 -276 0
45 R 0 -414 0
46 R 0 -71 0
47 R 0 -98 0
48 R 0 -690 0
49 R 0 -188 0
50 R 0 -219 0
51 R 0 -959 668 0
52 R 0 -963 675 0
53 R 0 -688 0
54 R 0 -980 0
55 R 0 -583 0
56 R 0 -718 0
57 R 0 738 0

DAY = 17
NUMBER_OF_VEHICLES = 51
1 R 0 -11 32 0
2 R 0 -120 196 0
3 R 0 -147 97 0
4 R 0 -225 104 0
5 R 0 -387 160 0
6 R 0 -528 9 0
7 R 0 -598 163 0
8 R 0 -902 540 0
9 R 0 -314 103 0
10 R 0 -831 259 0
11 R 0 -936 862 0
12 R 0 -970 267 0
13 R 0 -430 227 0
14 R 0 -85 215 0
15 R 0 -171 292 0
16 R 0 -158 313 0
17 R 0 -221 322 0
18 R 0 -243 301 0
19 R 0 -914 337 0
20 R 0 -206 316 0
21 R 0 -477 863 0
22 R 0 -589 335 0
23 R 0 -647 425 0
24 R 0 -957 962 0
25 R 0 -999 385 0
26 R 0 -168 0
27 R 0 -25 391 0
28 R 0 -177 415 0
29 R 0 -754 0
30 R 0 -293 417 0
31 R 0 -323 413 0
32 R 0 -666 434 0
33 R 0 -570 436 0
34 R 0 -789 628 0
35 R 0 -907 646 0
36 R 0 -976 0
37 R 0 -572 456 0
38 R 0 -639 476 0
39 R 0 445 0
40 R 0 516 0
41 R 0 551 0
42 R 0 650 0
43 R 0 665 0
44 R 0 677 0
45 R 0 707 0
46 R 0 721 0
47 R 0 812 0
48 R 0 852 0
49 R 0 901 0
50 R 0 924 0
51 R 0 977 0

DAY = 18
NUMBER_OF_VEHICLES = 61
1 R 0 -4 75 0
2 R 0 -136 38 0
3 R 0 -590 79 0
4 R 0 -602 353 0
5 R 0 -565 86 0
6 R 0 -274 18 0
7 R 0 -444 45 0
8 R 0 -577 55 0
9 R 0 -306 140 0
10 R 0 -594 142 0
11 R 0 -758 356 0
12 R 0 -880 151 0
13 R 0 -921 162 0
14 R 0 -981 272 0
15 R 0 -24 363 0
16 R 0 -28 126 0
17 R 0 -50 280 0
18 R 0 -333 377 0
19 R 0 -357 497 0
20 R 0 -127 409 0
21 R 0 -953 588 0
22 R 0 -441 373 0
23 R 0 -543 453 0
24 R 0 -352 201 0
25 R 0 -472 236 0
26 R 0 -600 524 0
27 R 0 -673 564 0
28 R 0 -894 603 0
29 R 0 -104 402 0
30 R 0 -103 685 0
31 R 0 -862 661 0
32 R 0 -227 706 0
33 R 0 -316 806 0
34 R 0 -863 766 0
35 R 0 -425 895 0
36 R 0 -417 424 0
37 R 0 -413 398 0
38 R 0 -628 559 0
39 R 0 -445 0
40 R 0 -650 0
41 R 0 -707 606 0
42 R 0 -977 461 0
43 R 0 520 0
44 R 0 623 0
45 R 0 629 0
46 R 0 696 0
47 R 0 731 0
48 R 0 783 0
49 R 0 785 0
50 R 0 819 0
51 R 0 848 0
52 R 0 849 0
53 R 0 854 0
54 R 0 884 0
55 R 0 899 0
56 R 0 900 0
57 R 0 938 0
58 R 0 947 0
59 R 0 954 0
60 R 0 983 0
61 R 0 994 0

DAY = 19
NUMBER_OF_VEHICLES = 61
1 R 0 -66 116 0
2 R 0 -326 23 0
3 R 0 -157 143 0
4 R 0 -17 15 0
5 R 0 -260 202 0
6 R 0 -369 178 0
7 R 0 -557 302 0
8 R 0 -277 384 0
9 R 0 -152 255 0
10 R 0 -770 192 0
11 R 0 -804 235 0
12 R 0 -442 468 0
13 R 0 -593 286 0
14 R 0 -668 517 0
15 R 0 -675 518 0
16 R 0 -738 558 0
17 R 0 -97 284 0
18 R 0 -160 340 0
19 R 0 -9 745 0
20 R 0 -259 350 0
21 R 0 -215 773 0
22 R 0 -313 816 0
23 R 0 -301 426 0
24 R 0 -962 360 0
25 R 0 -385 526 0
26 R 0 -391 818 0
27 R 0 -434 535 0
28 R 0 -436 287 0
29 R 0 -516 821 0
30 R 0 -677 671 0
31 R 0 -721 679 0
32 R 0 -852 0
33 R 0 -901 717 0
34 R 0 -924 374 0
35 R 0 -38 761 0
36 R 0 -140 484 0
37 R 0 -142 530 0
38 R 0 -363 951 0
39 R 0 -497 0
40 R 0 -409 435 0
41 R 0 -564 493 0
42 R 0 -603 533 0
43 R 0 -685 0
44 R 0 -661 0
45 R 0 -766 0
46 R 0 -785 841 0
47 R 0 -819 0
48 R 0 -884 0
49 R 0 -938 0
50 R 0 -994 0
51 R 0 592 0
52 R 0 630 0
53 R 0 698 0
54 R 0 712 0
55 R 0 769 0
56 R 0 844 0
57 R 0 870 0
58 R 0 871 0
59 R 0 919 0
60 R 0 966 0
61 R 0 974 0

DAY = 20
NUMBER_OF_VEHICLES = 58
1 R 0 -32 7 0
2 R 0 -196 76 0
3 R 0 -163 29 0
4 R 0 -540 102 0
5 R 0 -267 452 0
6 R 0 -292 631 0
7 R 0 -322 146 0
8 R 0 -337 193 0
9 R 0 -335 14 0
10 R 0 -415 711 0
11 R 0 -646 903 0
12 R 0 -456 213 0
13 R 0 -476 257 0
14 R 0 -551 328 0
15 R 0 -665 950 0
16 R 0 -812 0
17 R 0 -353 0
18 R 0 -18 36 0
19 R 0 -356 0
20 R 0 -126 365 0
21 R 0 -280 73 0
22 R 0 -377 283 0
23 R 0 -373 0
24 R 0 -453 78 0
25 R 0 -201 379 0
26 R 0 -402 0
27 R 0 -706 428 0
28 R 0 -806 486 0
29 R 0 -559 0
30 R 0 -629 0
31 R 0 -696 0
32 R 0 -848 0
33 R 0 -849 470 0
34 R 0 -854 563 0
35 R 0 -954 633 0
36 R 0 -983 296 0
37 R 0 -143 0
38 R 0 -178 297 0
39 R 0 -302 299 0
40 R 0 -255 619 0
41 R 0 -235 0
42 R 0 -468 941 0
43 R 0 -286 778 0
44 R 0 -518 987 0
45 R 0 -558 0
46 R 0 -816 0
47 R 0 -360 331 0
48 R 0 -818 0
49 R 0 -287 826 0
50 R 0 -679 0
51 R 0 -761 0
52 R 0 -484 422 0
53 R 0 -592 847 0
54 R 0 -712 881 0
55 R 0 -966 0
56 R 0 794 0
57 R 0 808 0
58 R 0 927 0

DAY = 21
NUMBER_OF_VEHICLES = 63
1 R 0 -75 30 0
2 R 0 -79 13 0
3 R 0 -86 72 0
4 R 0 -45 278 0
5 R 0 -55 327 0
6 R 0 -151 54 0
7 R 0 -162 150 0
8 R 0 -272 389 0
9 R 0 -588 165 0
10 R 0 -236 183 0
11 R 0 -524 0
12 R 0 -895 0
13 R 0 -424 43 0
14 R 0 -398 269 0
15 R 0 -606 212 0
16 R 0 -461 342 0
17 R 0 -520 568 0
18 R 0 -623 231 0
19 R 0 -731 311 0
20 R 0 -783 194 0
21 R 0 -899 358 0
22 R 0 -900 210 0
23 R 0 -947 370 0
24 R 0 -116 616 0
25 R 0 -15 0
26 R 0 -202 971 0
27 R 0 -384 0
28 R 0 -192 624 0
29 R 0 -517 0
30 R 0 -284 829 0
31 R 0 -745 0
32 R 0 -773 0
33 R 0 -426 0
34 R 0 -535 0
35 R 0 -821 0
36 R 0 -530 226 0
37 R 0 -435 0
38 R 0 -493 0
39 R 0 -533 0
40 R 0 -630 0
41 R 0 -698 0
42 R 0 -769 0
43 R 0 -844 0
44 R 0 -919 0
45 R 0 -974 0
46 R 0 -76 229 0
47 R 0 -102 254 0
48 R 0 -146 0
49 R 0 -903 0
50 R 0 -328 0
51 R 0 -950 0
52 R 0 -283 561 0
53 R 0 -633 0
54 R 0 -296 958 0
55 R 0 -299 0
56 R 0 -619 0
57 R 0 -778 0
58 R 0 -987 0
59 R 0 -422 0
60 R 0 -847 0
61 R 0 -881 0
62 R 0 -794 0
63 R 0 -927 0

DAY = 22
NUMBER_OF_VEHICLES = 41
1 R 0 -23 659 0
2 R 0 -340 99 0
3 R 0 -350 119 0
4 R 0 -526 285 0
5 R 0 -671 689 0
6 R 0 -717 781 0
7 R 0 -374 46 0
8 R 0 -951 0
9 R 0 -841 982 0
10 R 0 -870 167 0
11 R 0 -871 454 0
12 R 0 -7 0
13 R 0 -452 0
14 R 0 -631 0
15 R 0 -193 59 0
16 R 0 -14 763 0
17 R 0 -711 0
18 R 0 -36 797 0
19 R 0 -73 0
20 R 0 -379 100 0
21 R 0 -428 0
22 R 0 -941 0
23 R 0 -826 0
24 R 0 -808 0
25 R 0 -30 420 0
26 R 0 -72 644 0
27 R 0 -54 0
28 R 0 -165 0
29 R 0 -183 672 0
30 R 0 -212 0
31 R 0 -342 0
32 R 0 -568 0
33 R 0 -194 0
34 R 0 -210 0
35 R 0 -624 0
36 R 0 -829 0
37 R 0 -226 0
38 R 0 -229 0
39 R 0 -254 0
40 R 0 -561 0
41 R 0 -958 0

DAY = 23
NUMBER_OF_VEHICLES = 32
1 R 0 -29 318 0
2 R 0 -213 527 0
3 R 0 -257 757 0
4 R 0 -365 0
5 R 0 -78 123 0
6 R 0 -486 366 0
7 R 0 -470 0
8 R 0 -563 0
9 R 0 -297 499 0
10 R 0 -331 0
11 R 0 -278 728 0
12 R 0 -327 0
13 R 0 -389 0
14 R 0 -43 0
15 R 0 -269 0
16 R 0 -231 0
17 R 0 -311 0
18 R 0 -358 0
19 R 0 -616 0
20 R 0 -659 0
21 R 0 -99 0
22 R 0 -285 0
23 R 0 -689 0
24 R 0 -781 0
25 R 0 -46 0
26 R 0 -982 0
27 R 0 -167 0
28 R 0 -763 0
29 R 0 -797 0
30 R 0 -100 0
31 R 0 -420 0
32 R 0 -672 0

DAY = 24
NUMBER_OF_VEHICLES = 15
1 R 0 -13 0
2 R 0 -150 0
3 R 0 -370 0
4 R 0 -971 0
5 R 0 -119 0
6 R 0 -454 0
7 R 0 -59 0
8 R 0 -644 0
9 R 0 -318 0
10 R 0 -527 0
11 R 0 -757 0
12 R 0 -123 0
13 R 0 -366 0
14 R 0 -499 0
15 R 0 -728 0

