DATASET = All time best instance set VeRoLog competition
NAME = vehicles over tools over vehicle days over distance with 1000 requests over 25 days

DAY = 1
NUMBER_OF_VEHICLES = 55
1 R 0 2 0
2 R 0 27 0
3 R 0 44 0
4 R 0 56 0
5 R 0 65 0
6 R 0 77 0
7 R 0 108 0
8 R 0 115 0
9 R 0 116 0
10 R 0 130 0
11 R 0 160 0
12 R 0 179 0
13 R 0 203 0
14 R 0 208 0
15 R 0 253 0
16 R 0 270 0
17 R 0 281 0
18 R 0 282 0
19 R 0 313 0
20 R 0 371 0
21 R 0 383 0
22 R 0 385 0
23 R 0 386 0
24 R 0 389 0
25 R 0 423 0
26 R 0 479 0
27 R 0 495 0
28 R 0 507 0
29 R 0 524 0
30 R 0 531 0
31 R 0 576 0
32 R 0 624 0
33 R 0 686 0
34 R 0 706 0
35 R 0 708 0
36 R 0 714 0
37 R 0 721 0
38 R 0 727 0
39 R 0 744 0
40 R 0 754 0
41 R 0 779 0
42 R 0 788 0
43 R 0 790 0
44 R 0 830 0
45 R 0 832 0
46 R 0 866 0
47 R 0 870 0
48 R 0 884 0
49 R 0 916 0
50 R 0 930 0
51 R 0 932 0
52 R 0 948 0
53 R 0 954 0
54 R 0 977 0
55 R 0 983 0

DAY = 2
NUMBER_OF_VEHICLES = 36
1 R 0 -56 509 0
2 R 0 -65 10 0
3 R 0 -115 12 0
4 R 0 -116 163 0
5 R 0 -386 519 0
6 R 0 -389 14 0
7 R 0 -423 165 0
8 R 0 -524 228 0
9 R 0 -576 491 0
10 R 0 -686 32 0
11 R 0 -721 538 0
12 R 0 -788 585 0
13 R 0 87 0
14 R 0 119 0
15 R 0 146 0
16 R 0 161 0
17 R 0 277 0
18 R 0 280 0
19 R 0 317 0
20 R 0 351 0
21 R 0 384 0
22 R 0 390 0
23 R 0 435 0
24 R 0 613 0
25 R 0 630 0
26 R 0 631 0
27 R 0 640 0
28 R 0 654 0
29 R 0 703 0
30 R 0 798 0
31 R 0 820 0
32 R 0 837 0
33 R 0 844 0
34 R 0 968 0
35 R 0 996 0
36 R 0 999 0

DAY = 3
NUMBER_OF_VEHICLES = 53
1 R 0 -27 20 0
2 R 0 -77 71 0
3 R 0 -203 144 0
4 R 0 -208 31 0
5 R 0 -371 200 0
6 R 0 -479 298 0
7 R 0 -708 339 0
8 R 0 -744 178 0
9 R 0 -754 37 0
10 R 0 -790 57 0
11 R 0 -830 181 0
12 R 0 -832 204 0
13 R 0 -870 218 0
14 R 0 -916 244 0
15 R 0 -930 368 0
16 R 0 -932 463 0
17 R 0 -954 341 0
18 R 0 -983 467 0
19 R 0 -519 428 0
20 R 0 -491 91 0
21 R 0 -32 494 0
22 R 0 -538 516 0
23 R 0 -161 649 0
24 R 0 -277 698 0
25 R 0 -351 701 0
26 R 0 -631 761 0
27 R 0 -798 851 0
28 R 0 -820 193 0
29 R 0 -837 855 0
30 R 0 -996 635 0
31 R 0 222 0
32 R 0 248 0
33 R 0 292 0
34 R 0 378 0
35 R 0 459 0
36 R 0 528 0
37 R 0 595 0
38 R 0 794 0
39 R 0 810 0
40 R 0 822 0
41 R 0 841 0
42 R 0 864 0
43 R 0 885 0
44 R 0 893 0
45 R 0 904 0
46 R 0 906 0
47 R 0 917 0
48 R 0 918 0
49 R 0 927 0
50 R 0 933 0
51 R 0 939 0
52 R 0 964 0
53 R 0 980 0

DAY = 4
NUMBER_OF_VEHICLES = 61
1 R 0 -2 117 0
2 R 0 -44 26 0
3 R 0 -108 128 0
4 R 0 -130 18 0
5 R 0 -160 60 0
6 R 0 -179 139 0
7 R 0 -253 183 0
8 R 0 -270 205 0
9 R 0 -281 131 0
10 R 0 -282 220 0
11 R 0 -313 75 0
12 R 0 -383 532 0
13 R 0 -385 562 0
14 R 0 -495 213 0
15 R 0 -507 704 0
16 R 0 -531 710 0
17 R 0 -624 955 0
18 R 0 -706 259 0
19 R 0 -714 262 0
20 R 0 -727 959 0
21 R 0 -779 0
22 R 0 -866 0
23 R 0 -884 231 0
24 R 0 -948 347 0
25 R 0 -977 373 0
26 R 0 -10 353 0
27 R 0 -14 464 0
28 R 0 -165 377 0
29 R 0 -119 472 0
30 R 0 -146 559 0
31 R 0 -280 648 0
32 R 0 -317 859 0
33 R 0 -384 865 0
34 R 0 -435 875 0
35 R 0 -613 0
36 R 0 -630 517 0
37 R 0 -703 582 0
38 R 0 -968 593 0
39 R 0 -999 0
40 R 0 -244 0
41 R 0 -463 937 0
42 R 0 -341 0
43 R 0 -467 0
44 R 0 -494 0
45 R 0 -698 0
46 R 0 -761 0
47 R 0 -193 614 0
48 R 0 -855 0
49 R 0 -635 0
50 R 0 -248 616 0
51 R 0 -822 638 0
52 R 0 -864 0
53 R 0 -885 0
54 R 0 671 0
55 R 0 679 0
56 R 0 705 0
57 R 0 749 0
58 R 0 789 0
59 R 0 898 0
60 R 0 936 0
61 R 0 951 0

DAY = 5
NUMBER_OF_VEHICLES = 51
1 R 0 -509 25 0
2 R 0 -12 21 0
3 R 0 -163 156 0
4 R 0 -228 196 0
5 R 0 -585 49 0
6 R 0 -87 124 0
7 R 0 -390 185 0
8 R 0 -640 230 0
9 R 0 -654 283 0
10 R 0 -844 322 0
11 R 0 -71 359 0
12 R 0 -31 238 0
13 R 0 -298 188 0
14 R 0 -339 257 0
15 R 0 -178 392 0
16 R 0 -57 302 0
17 R 0 -181 426 0
18 R 0 -368 355 0
19 R 0 -91 324 0
20 R 0 -378 340 0
21 R 0 -528 365 0
22 R 0 -595 434 0
23 R 0 -810 572 0
24 R 0 -841 546 0
25 R 0 -893 626 0
26 R 0 -906 557 0
27 R 0 -918 422 0
28 R 0 -927 674 0
29 R 0 -933 651 0
30 R 0 -939 707 0
31 R 0 -980 813 0
32 R 0 -128 840 0
33 R 0 -131 890 0
34 R 0 -220 0
35 R 0 -75 745 0
36 R 0 -532 0
37 R 0 -213 452 0
38 R 0 -259 512 0
39 R 0 -959 0
40 R 0 -464 544 0
41 R 0 -377 782 0
42 R 0 -472 872 0
43 R 0 -559 972 0
44 R 0 -859 0
45 R 0 -865 0
46 R 0 -875 0
47 R 0 -582 857 0
48 R 0 -614 886 0
49 R 0 -951 909 0
50 R 0 960 0
51 R 0 970 0

DAY = 6
NUMBER_OF_VEHICLES = 53
1 R 0 -20 0
2 R 0 -144 34 0
3 R 0 -200 30 0
4 R 0 -37 0
5 R 0 -204 141 0
6 R 0 -218 149 0
7 R 0 -428 269 0
8 R 0 -516 416 0
9 R 0 -649 173 0
10 R 0 -701 225 0
11 R 0 -851 303 0
12 R 0 -222 94 0
13 R 0 -292 123 0
14 R 0 -459 135 0
15 R 0 -794 0
16 R 0 -904 446 0
17 R 0 -917 680 0
18 R 0 -964 709 0
19 R 0 -117 485 0
20 R 0 -26 194 0
21 R 0 -18 722 0
22 R 0 -60 481 0
23 R 0 -183 724 0
24 R 0 -704 555 0
25 R 0 -955 586 0
26 R 0 -231 504 0
27 R 0 -373 742 0
28 R 0 -353 537 0
29 R 0 -648 777 0
30 R 0 -517 753 0
31 R 0 -937 784 0
32 R 0 -616 769 0
33 R 0 -638 778 0
34 R 0 -705 887 0
35 R 0 -749 905 0
36 R 0 -789 992 0
37 R 0 -898 994 0
38 R 0 -936 0
39 R 0 -156 0
40 R 0 -230 0
41 R 0 -283 604 0
42 R 0 -322 629 0
43 R 0 -392 637 0
44 R 0 -302 0
45 R 0 -426 661 0
46 R 0 -572 733 0
47 R 0 -626 739 0
48 R 0 -840 924 0
49 R 0 -512 796 0
50 R 0 -909 0
51 R 0 818 0
52 R 0 931 0
53 R 0 942 0

DAY = 7
NUMBER_OF_VEHICLES = 53
1 R 0 -139 72 0
2 R 0 -205 78 0
3 R 0 -562 106 0
4 R 0 -710 223 0
5 R 0 -262 93 0
6 R 0 -347 100 0
7 R 0 -593 22 0
8 R 0 -671 86 0
9 R 0 -679 89 0
10 R 0 -25 268 0
11 R 0 -21 129 0
12 R 0 -124 172 0
13 R 0 -185 332 0
14 R 0 -359 290 0
15 R 0 -188 352 0
16 R 0 -557 184 0
17 R 0 -422 482 0
18 R 0 -674 297 0
19 R 0 -707 437 0
20 R 0 -813 441 0
21 R 0 -890 549 0
22 R 0 -544 510 0
23 R 0 -782 190 0
24 R 0 -872 587 0
25 R 0 -972 597 0
26 R 0 -857 198 0
27 R 0 -960 247 0
28 R 0 -141 657 0
29 R 0 -416 716 0
30 R 0 -123 343 0
31 R 0 -485 728 0
32 R 0 -194 356 0
33 R 0 -555 795 0
34 R 0 -504 370 0
35 R 0 -769 372 0
36 R 0 -629 863 0
37 R 0 -661 967 0
38 R 0 -818 612 0
39 R 0 -942 802 0
40 R 0 388 0
41 R 0 484 0
42 R 0 566 0
43 R 0 567 0
44 R 0 608 0
45 R 0 685 0
46 R 0 691 0
47 R 0 811 0
48 R 0 858 0
49 R 0 878 0
50 R 0 883 0
51 R 0 965 0
52 R 0 969 0
53 R 0 990 0

DAY = 8
NUMBER_OF_VEHICLES = 59
1 R 0 -196 48 0
2 R 0 -49 36 0
3 R 0 -238 63 0
4 R 0 -257 88 0
5 R 0 -355 127 0
6 R 0 -324 90 0
7 R 0 -340 99 0
8 R 0 -365 151 0
9 R 0 -434 195 0
10 R 0 -546 207 0
11 R 0 -651 234 0
12 R 0 -745 342 0
13 R 0 -452 137 0
14 R 0 -886 344 0
15 R 0 -970 443 0
16 R 0 -269 55 0
17 R 0 -173 168 0
18 R 0 -225 206 0
19 R 0 -446 249 0
20 R 0 -680 267 0
21 R 0 -722 376 0
22 R 0 -724 421 0
23 R 0 -742 644 0
24 R 0 -537 454 0
25 R 0 -784 731 0
26 R 0 -778 486 0
27 R 0 -905 505 0
28 R 0 -604 140 0
29 R 0 -733 210 0
30 R 0 -739 250 0
31 R 0 -931 758 0
32 R 0 -93 805 0
33 R 0 -268 333 0
34 R 0 -129 997 0
35 R 0 -290 367 0
36 R 0 -441 0
37 R 0 -587 0
38 R 0 -597 0
39 R 0 -247 526 0
40 R 0 -356 607 0
41 R 0 -372 757 0
42 R 0 -566 786 0
43 R 0 -691 793 0
44 R 0 -811 0
45 R 0 -858 0
46 R 0 -878 799 0
47 R 0 -969 0
48 R 0 442 0
49 R 0 444 0
50 R 0 542 0
51 R 0 773 0
52 R 0 792 0
53 R 0 809 0
54 R 0 833 0
55 R 0 854 0
56 R 0 902 0
57 R 0 926 0
58 R 0 982 0
59 R 0 989 0

DAY = 9
NUMBER_OF_VEHICLES = 65
1 R 0 -34 4 0
2 R 0 -30 46 0
3 R 0 -149 111 0
4 R 0 -303 61 0
5 R 0 -94 133 0
6 R 0 -135 271 0
7 R 0 -709 68 0
8 R 0 -481 402 0
9 R 0 -586 182 0
10 R 0 -777 82 0
11 R 0 -753 432 0
12 R 0 -887 515 0
13 R 0 -992 545 0
14 R 0 -994 550 0
15 R 0 -637 189 0
16 R 0 -924 275 0
17 R 0 -796 105 0
18 R 0 -72 132 0
19 R 0 -78 215 0
20 R 0 -332 286 0
21 R 0 -352 330 0
22 R 0 -184 579 0
23 R 0 -297 362 0
24 R 0 -437 611 0
25 R 0 -198 581 0
26 R 0 -716 690 0
27 R 0 -728 725 0
28 R 0 -795 869 0
29 R 0 -370 592 0
30 R 0 -863 0
31 R 0 -967 0
32 R 0 -802 348 0
33 R 0 -388 642 0
34 R 0 -567 729 0
35 R 0 -685 877 0
36 R 0 -965 374 0
37 R 0 -990 0
38 R 0 -127 436 0
39 R 0 -99 897 0
40 R 0 -151 920 0
41 R 0 -207 971 0
42 R 0 -137 440 0
43 R 0 -344 0
44 R 0 -443 0
45 R 0 -55 0
46 R 0 -168 487 0
47 R 0 -267 539 0
48 R 0 -644 645 0
49 R 0 -454 0
50 R 0 -731 656 0
51 R 0 -505 0
52 R 0 -805 664 0
53 R 0 -333 0
54 R 0 -367 0
55 R 0 -526 0
56 R 0 -786 0
57 R 0 -793 0
58 R 0 -799 0
59 R 0 -792 0
60 R 0 -833 0
61 R 0 -902 0
62 R 0 670 0
63 R 0 783 0
64 R 0 827 0
65 R 0 894 0

DAY = 10
NUMBER_OF_VEHICLES = 50
1 R 0 -106 28 0
2 R 0 -223 101 0
3 R 0 -100 47 0
4 R 0 -22 15 0
5 R 0 -86 176 0
6 R 0 -89 264 0
7 R 0 -172 76 0
8 R 0 -482 114 0
9 R 0 -549 199 0
10 R 0 -510 191 0
11 R 0 -190 309 0
12 R 0 -657 254 0
13 R 0 -343 326 0
14 R 0 -612 236 0
15 R 0 -484 0
16 R 0 -608 337 0
17 R 0 -883 285 0
18 R 0 -48 445 0
19 R 0 -63 456 0
20 R 0 -234 527 0
21 R 0 -342 713 0
22 R 0 -486 723 0
23 R 0 -140 329 0
24 R 0 -758 474 0
25 R 0 -757 726 0
26 R 0 -773 358 0
27 R 0 -982 523 0
28 R 0 -989 0
29 R 0 -61 496 0
30 R 0 -68 712 0
31 R 0 -182 525 0
32 R 0 -432 0
33 R 0 -515 0
34 R 0 -105 0
35 R 0 -362 552 0
36 R 0 -611 553 0
37 R 0 -642 0
38 R 0 -729 0
39 R 0 -877 0
40 R 0 -436 0
41 R 0 -440 0
42 R 0 -664 0
43 R 0 -670 0
44 R 0 561 0
45 R 0 564 0
46 R 0 800 0
47 R 0 824 0
48 R 0 835 0
49 R 0 882 0
50 R 0 961 0

DAY = 11
NUMBER_OF_VEHICLES = 52
1 R 0 -36 9 0
2 R 0 -88 122 0
3 R 0 -90 33 0
4 R 0 -195 39 0
5 R 0 -206 148 0
6 R 0 -249 162 0
7 R 0 -376 214 0
8 R 0 -421 239 0
9 R 0 -210 134 0
10 R 0 -250 186 0
11 R 0 -997 266 0
12 R 0 -607 43 0
13 R 0 -442 232 0
14 R 0 -444 296 0
15 R 0 -542 299 0
16 R 0 -809 391 0
17 R 0 -854 64 0
18 R 0 -926 556 0
19 R 0 -46 295 0
20 R 0 -111 415 0
21 R 0 -271 700 0
22 R 0 -402 756 0
23 R 0 -82 301 0
24 R 0 -550 825 0
25 R 0 -189 488 0
26 R 0 -286 327 0
27 R 0 -330 470 0
28 R 0 -581 848 0
29 R 0 -690 589 0
30 R 0 -592 853 0
31 R 0 -897 911 0
32 R 0 -920 949 0
33 R 0 -971 0
34 R 0 -656 573 0
35 R 0 -101 653 0
36 R 0 -15 0
37 R 0 -264 0
38 R 0 -114 583 0
39 R 0 -191 627 0
40 R 0 -236 693 0
41 R 0 -445 0
42 R 0 -474 720 0
43 R 0 -726 0
44 R 0 -358 803 0
45 R 0 -525 819 0
46 R 0 -552 861 0
47 R 0 -553 876 0
48 R 0 -564 947 0
49 R 0 -835 0
50 R 0 868 0
51 R 0 889 0
52 R 0 952 0

DAY = 12
NUMBER_OF_VEHICLES = 53
1 R 0 -4 6 0
2 R 0 -133 51 0
3 R 0 -545 58 0
4 R 0 -275 118 0
5 R 0 -132 74 0
6 R 0 -215 102 0
7 R 0 -579 92 0
8 R 0 -725 147 0
9 R 0 -869 171 0
10 R 0 -348 158 0
11 R 0 -374 354 0
12 R 0 -487 419 0
13 R 0 -539 425 0
14 R 0 -645 0
15 R 0 -783 427 0
16 R 0 -827 429 0
17 R 0 -894 466 0
18 R 0 -28 217 0
19 R 0 -723 159 0
20 R 0 -523 328 0
21 R 0 -712 498 0
22 R 0 -561 363 0
23 R 0 -800 410 0
24 R 0 -882 418 0
25 R 0 -961 513 0
26 R 0 -134 568 0
27 R 0 -43 278 0
28 R 0 -327 501 0
29 R 0 -573 682 0
30 R 0 -653 617 0
31 R 0 -720 687 0
32 R 0 -803 715 0
33 R 0 -819 717 0
34 R 0 -889 775 0
35 R 0 323 0
36 R 0 458 0
37 R 0 460 0
38 R 0 478 0
39 R 0 533 0
40 R 0 732 0
41 R 0 736 0
42 R 0 746 0
43 R 0 747 0
44 R 0 748 0
45 R 0 755 0
46 R 0 771 0
47 R 0 831 0
48 R 0 847 0
49 R 0 860 0
50 R 0 881 0
51 R 0 891 0
52 R 0 940 0
53 R 0 946 0

DAY = 13
NUMBER_OF_VEHICLES = 61
1 R 0 -47 7 0
2 R 0 -176 38 0
3 R 0 -76 8 0
4 R 0 -199 40 0
5 R 0 -309 69 0
6 R 0 -254 53 0
7 R 0 -326 103 0
8 R 0 -337 142 0
9 R 0 -285 13 0
10 R 0 -456 398 0
11 R 0 -527 403 0
12 R 0 -713 473 0
13 R 0 -329 107 0
14 R 0 -496 23 0
15 R 0 -824 311 0
16 R 0 -39 600 0
17 R 0 -186 335 0
18 R 0 -232 380 0
19 R 0 -299 667 0
20 R 0 -415 689 0
21 R 0 -700 639 0
22 R 0 -470 41 0
23 R 0 -848 692 0
24 R 0 -589 787 0
25 R 0 -949 719 0
26 R 0 -627 216 0
27 R 0 -861 908 0
28 R 0 -51 766 0
29 R 0 -147 984 0
30 R 0 -171 0
31 R 0 -158 255 0
32 R 0 -354 287 0
33 R 0 -425 289 0
34 R 0 -328 0
35 R 0 -418 0
36 R 0 -501 338 0
37 R 0 -617 0
38 R 0 -715 0
39 R 0 -717 0
40 R 0 -323 814 0
41 R 0 -478 845 0
42 R 0 -732 852 0
43 R 0 -746 0
44 R 0 -748 919 0
45 R 0 -755 0
46 R 0 -831 0
47 R 0 -847 0
48 R 0 -946 0
49 R 0 430 0
50 R 0 489 0
51 R 0 506 0
52 R 0 514 0
53 R 0 558 0
54 R 0 623 0
55 R 0 643 0
56 R 0 684 0
57 R 0 699 0
58 R 0 764 0
59 R 0 770 0
60 R 0 846 0
61 R 0 862 0

DAY = 14
NUMBER_OF_VEHICLES = 67
1 R 0 -9 17 0
2 R 0 -122 50 0
3 R 0 -33 54 0
4 R 0 -148 95 0
5 R 0 -162 169 0
6 R 0 -214 211 0
7 R 0 -239 224 0
8 R 0 -266 284 0
9 R 0 -296 66 0
10 R 0 -391 125 0
11 R 0 -64 73 0
12 R 0 -556 243 0
13 R 0 -295 321 0
14 R 0 -756 260 0
15 R 0 -301 360 0
16 R 0 -825 336 0
17 R 0 -488 126 0
18 R 0 -853 540 0
19 R 0 -911 571 0
20 R 0 -583 399 0
21 R 0 -693 451 0
22 R 0 -876 155 0
23 R 0 -947 175 0
24 R 0 -868 480 0
25 R 0 -952 518 0
26 R 0 -58 632 0
27 R 0 -118 357 0
28 R 0 -74 646 0
29 R 0 -427 660 0
30 R 0 -466 901 0
31 R 0 -498 988 0
32 R 0 -363 393 0
33 R 0 -410 396 0
34 R 0 -513 397 0
35 R 0 -568 475 0
36 R 0 -278 665 0
37 R 0 -775 0
38 R 0 -460 791 0
39 R 0 -736 826 0
40 R 0 -747 873 0
41 R 0 -860 888 0
42 R 0 -881 503 0
43 R 0 -38 914 0
44 R 0 -40 584 0
45 R 0 -53 594 0
46 R 0 -142 985 0
47 R 0 -403 993 0
48 R 0 -335 652 0
49 R 0 -380 659 0
50 R 0 -689 666 0
51 R 0 -216 0
52 R 0 -908 711 0
53 R 0 -287 0
54 R 0 -845 0
55 R 0 -852 0
56 R 0 -919 0
57 R 0 -643 0
58 R 0 -684 0
59 R 0 -770 0
60 R 0 -846 0
61 R 0 734 0
62 R 0 762 0
63 R 0 838 0
64 R 0 839 0
65 R 0 871 0
66 R 0 935 0
67 R 0 1000 0

DAY = 15
NUMBER_OF_VEHICLES = 60
1 R 0 -6 167 0
2 R 0 -102 29 0
3 R 0 -92 42 0
4 R 0 -419 150 0
5 R 0 -429 192 0
6 R 0 -217 197 0
7 R 0 -159 59 0
8 R 0 -682 273 0
9 R 0 -687 293 0
10 R 0 -458 70 0
11 R 0 -533 187 0
12 R 0 -771 221 0
13 R 0 -891 401 0
14 R 0 -940 235 0
15 R 0 -7 409 0
16 R 0 -13 447 0
17 R 0 -398 237 0
18 R 0 -107 312 0
19 R 0 -23 483 0
20 R 0 -639 246 0
21 R 0 -692 308 0
22 R 0 -984 0
23 R 0 -255 591 0
24 R 0 -338 596 0
25 R 0 -814 406 0
26 R 0 -430 658 0
27 R 0 -506 668 0
28 R 0 -558 730 0
29 R 0 -699 785 0
30 R 0 -862 817 0
31 R 0 -17 320 0
32 R 0 -50 879 0
33 R 0 -169 880 0
34 R 0 -211 981 0
35 R 0 -224 998 0
36 R 0 -284 0
37 R 0 -125 395 0
38 R 0 -73 522 0
39 R 0 -399 0
40 R 0 -451 0
41 R 0 -901 0
42 R 0 -397 449 0
43 R 0 -791 618 0
44 R 0 -888 662 0
45 R 0 -652 500 0
46 R 0 -762 551 0
47 R 0 -838 575 0
48 R 0 650 0
49 R 0 681 0
50 R 0 781 0
51 R 0 801 0
52 R 0 815 0
53 R 0 821 0
54 R 0 892 0
55 R 0 899 0
56 R 0 915 0
57 R 0 923 0
58 R 0 929 0
59 R 0 953 0
60 R 0 991 0

DAY = 16
NUMBER_OF_VEHICLES = 59
1 R 0 -8 97 0
2 R 0 -69 19 0
3 R 0 -103 45 0
4 R 0 -473 84 0
5 R 0 -311 1 0
6 R 0 -600 98 0
7 R 0 -667 209 0
8 R 0 -41 136 0
9 R 0 -787 261 0
10 R 0 -719 152 0
11 R 0 -766 154 0
12 R 0 -289 170 0
13 R 0 -489 174 0
14 R 0 -514 201 0
15 R 0 -623 366 0
16 R 0 -764 414 0
17 R 0 -66 325 0
18 R 0 -360 461 0
19 R 0 -336 180 0
20 R 0 -571 251 0
21 R 0 -155 405 0
22 R 0 -175 424 0
23 R 0 -518 578 0
24 R 0 -357 439 0
25 R 0 -660 621 0
26 R 0 -393 468 0
27 R 0 -396 636 0
28 R 0 -475 655 0
29 R 0 -826 256 0
30 R 0 -873 349 0
31 R 0 -503 675 0
32 R 0 -993 387 0
33 R 0 -659 938 0
34 R 0 -711 943 0
35 R 0 -935 0
36 R 0 -167 0
37 R 0 -197 0
38 R 0 -70 404 0
39 R 0 -187 453 0
40 R 0 -312 0
41 R 0 -596 647 0
42 R 0 -658 683 0
43 R 0 -785 694 0
44 R 0 -320 0
45 R 0 -998 767 0
46 R 0 -522 469 0
47 R 0 -662 471 0
48 R 0 -500 0
49 R 0 -681 0
50 R 0 -815 0
51 R 0 -892 0
52 R 0 -899 0
53 R 0 -923 477 0
54 R 0 -929 0
55 R 0 492 0
56 R 0 521 0
57 R 0 534 0
58 R 0 912 0
59 R 0 979 0

DAY = 17
NUMBER_OF_VEHICLES = 48
1 R 0 -54 80 0
2 R 0 -95 109 0
3 R 0 -243 83 0
4 R 0 -321 145 0
5 R 0 -260 138 0
6 R 0 -126 24 0
7 R 0 -540 202 0
8 R 0 -480 229 0
9 R 0 -632 310 0
10 R 0 -646 245 0
11 R 0 -988 252 0
12 R 0 -665 448 0
13 R 0 -914 465 0
14 R 0 -584 52 0
15 R 0 -594 79 0
16 R 0 -985 536 0
17 R 0 -666 112 0
18 R 0 -734 241 0
19 R 0 -839 279 0
20 R 0 -871 288 0
21 R 0 -1000 520 0
22 R 0 -150 258 0
23 R 0 -401 294 0
24 R 0 -409 580 0
25 R 0 -447 673 0
26 R 0 -237 543 0
27 R 0 -308 605 0
28 R 0 -591 768 0
29 R 0 -406 752 0
30 R 0 -880 941 0
31 R 0 -981 944 0
32 R 0 -395 530 0
33 R 0 -449 570 0
34 R 0 -781 620 0
35 R 0 -915 622 0
36 R 0 -953 834 0
37 R 0 -991 669 0
38 R 0 -84 928 0
39 R 0 -136 966 0
40 R 0 -154 950 0
41 R 0 -414 0
42 R 0 -325 688 0
43 R 0 -405 807 0
44 R 0 -468 843 0
45 R 0 -477 0
46 R 0 -521 0
47 R 0 910 0
48 R 0 956 0

DAY = 18
NUMBER_OF_VEHICLES = 52
1 R 0 -29 177 0
2 R 0 -42 81 0
3 R 0 -192 346 0
4 R 0 -59 318 0
5 R 0 -273 364 0
6 R 0 -293 508 0
7 R 0 -221 476 0
8 R 0 -235 157 0
9 R 0 -483 541 0
10 R 0 -246 493 0
11 R 0 -668 554 0
12 R 0 -730 574 0
13 R 0 -817 702 0
14 R 0 -879 751 0
15 R 0 -618 560 0
16 R 0 -551 219 0
17 R 0 -575 233 0
18 R 0 -650 276 0
19 R 0 -801 502 0
20 R 0 -821 590 0
21 R 0 -98 598 0
22 R 0 -261 577 0
23 R 0 -152 610 0
24 R 0 -201 804 0
25 R 0 -461 842 0
26 R 0 -180 677 0
27 R 0 -424 603 0
28 R 0 -578 849 0
29 R 0 -621 867 0
30 R 0 -256 695 0
31 R 0 -349 696 0
32 R 0 -675 615 0
33 R 0 -647 907 0
34 R 0 -469 921 0
35 R 0 -471 987 0
36 R 0 -80 0
37 R 0 -24 0
38 R 0 -252 922 0
39 R 0 -448 0
40 R 0 -79 0
41 R 0 -536 0
42 R 0 -112 672 0
43 R 0 -241 772 0
44 R 0 -288 823 0
45 R 0 -543 0
46 R 0 -768 0
47 R 0 -752 0
48 R 0 -530 856 0
49 R 0 -570 945 0
50 R 0 -620 0
51 R 0 -928 0
52 R 0 -966 0

DAY = 19
NUMBER_OF_VEHICLES = 48
1 R 0 -97 67 0
2 R 0 -19 35 0
3 R 0 -45 104 0
4 R 0 -1 274 0
5 R 0 -209 382 0
6 R 0 -170 85 0
7 R 0 -174 110 0
8 R 0 -366 319 0
9 R 0 -251 345 0
10 R 0 -439 0
11 R 0 -636 400 0
12 R 0 -655 490 0
13 R 0 -387 413 0
14 R 0 -938 601 0
15 R 0 -943 609 0
16 R 0 -404 450 0
17 R 0 -453 462 0
18 R 0 -683 381 0
19 R 0 -694 394 0
20 R 0 -767 433 0
21 R 0 -492 547 0
22 R 0 -534 737 0
23 R 0 -912 497 0
24 R 0 -979 602 0
25 R 0 -83 741 0
26 R 0 -145 663 0
27 R 0 -138 759 0
28 R 0 -202 780 0
29 R 0 -245 763 0
30 R 0 -465 828 0
31 R 0 -52 641 0
32 R 0 -279 676 0
33 R 0 -605 836 0
34 R 0 -834 850 0
35 R 0 -669 808 0
36 R 0 -688 816 0
37 R 0 -807 903 0
38 R 0 -956 976 0
39 R 0 -81 913 0
40 R 0 -318 0
41 R 0 -554 812 0
42 R 0 -751 895 0
43 R 0 -560 0
44 R 0 -233 0
45 R 0 -772 0
46 R 0 -823 0
47 R 0 -945 0
48 R 0 995 0

DAY = 20
NUMBER_OF_VEHICLES = 49
1 R 0 -109 120 0
2 R 0 -229 121 0
3 R 0 -310 5 0
4 R 0 -520 16 0
5 R 0 -258 143 0
6 R 0 -294 227 0
7 R 0 -580 369 0
8 R 0 -673 411 0
9 R 0 -941 417 0
10 R 0 -944 563 0
11 R 0 -622 62 0
12 R 0 -950 315 0
13 R 0 -843 153 0
14 R 0 -910 164 0
15 R 0 -364 565 0
16 R 0 -508 599 0
17 R 0 -157 166 0
18 R 0 -574 697 0
19 R 0 -502 226 0
20 R 0 -598 407 0
21 R 0 -577 242 0
22 R 0 -842 735 0
23 R 0 -677 511 0
24 R 0 -603 291 0
25 R 0 -696 588 0
26 R 0 -615 305 0
27 R 0 -987 625 0
28 R 0 -856 306 0
29 R 0 -35 633 0
30 R 0 -274 307 0
31 R 0 -382 331 0
32 R 0 -609 379 0
33 R 0 -663 797 0
34 R 0 -759 678 0
35 R 0 -780 718 0
36 R 0 -641 499 0
37 R 0 -895 806 0
38 R 0 -995 934 0
39 R 0 548 0
40 R 0 634 0
41 R 0 760 0
42 R 0 765 0
43 R 0 774 0
44 R 0 900 0
45 R 0 957 0
46 R 0 963 0
47 R 0 973 0
48 R 0 974 0
49 R 0 986 0

DAY = 21
NUMBER_OF_VEHICLES = 50
1 R 0 -177 3 0
2 R 0 -346 11 0
3 R 0 -476 212 0
4 R 0 -541 420 0
5 R 0 -493 265 0
6 R 0 -702 455 0
7 R 0 -219 96 0
8 R 0 -276 240 0
9 R 0 -590 304 0
10 R 0 -610 375 0
11 R 0 -804 529 0
12 R 0 -849 743 0
13 R 0 -867 750 0
14 R 0 -695 431 0
15 R 0 -907 829 0
16 R 0 -921 569 0
17 R 0 -922 975 0
18 R 0 -672 272 0
19 R 0 -67 0
20 R 0 -345 606 0
21 R 0 -490 300 0
22 R 0 -413 619 0
23 R 0 -601 314 0
24 R 0 -450 874 0
25 R 0 -462 925 0
26 R 0 -497 0
27 R 0 -676 334 0
28 R 0 -836 962 0
29 R 0 -808 438 0
30 R 0 -816 535 0
31 R 0 -903 958 0
32 R 0 -976 0
33 R 0 -812 0
34 R 0 -369 0
35 R 0 -411 0
36 R 0 -417 0
37 R 0 -62 0
38 R 0 -565 0
39 R 0 -697 0
40 R 0 -735 0
41 R 0 -511 0
42 R 0 -588 0
43 R 0 -306 0
44 R 0 -331 0
45 R 0 -379 0
46 R 0 -797 0
47 R 0 -718 0
48 R 0 -499 0
49 R 0 -934 0
50 R 0 -634 0

DAY = 22
NUMBER_OF_VEHICLES = 46
1 R 0 -104 263 0
2 R 0 -85 113 0
3 R 0 -110 628 0
4 R 0 -319 978 0
5 R 0 -400 361 0
6 R 0 -381 0
7 R 0 -394 0
8 R 0 -433 0
9 R 0 -547 350 0
10 R 0 -737 738 0
11 R 0 -602 0
12 R 0 -741 0
13 R 0 -763 0
14 R 0 -828 0
15 R 0 -850 0
16 R 0 -913 0
17 R 0 -120 0
18 R 0 -563 0
19 R 0 -153 408 0
20 R 0 -166 412 0
21 R 0 -226 776 0
22 R 0 -407 0
23 R 0 -291 0
24 R 0 -305 0
25 R 0 -625 0
26 R 0 -633 0
27 R 0 -307 0
28 R 0 -678 0
29 R 0 -760 0
30 R 0 -765 0
31 R 0 -900 0
32 R 0 -957 0
33 R 0 -963 0
34 R 0 -973 0
35 R 0 -420 0
36 R 0 -455 0
37 R 0 -240 0
38 R 0 -375 0
39 R 0 -743 0
40 R 0 -750 0
41 R 0 -829 0
42 R 0 -606 0
43 R 0 -300 0
44 R 0 -314 0
45 R 0 -925 0
46 R 0 -958 0

DAY = 23
NUMBER_OF_VEHICLES = 34
1 R 0 -121 316 0
2 R 0 -5 0
3 R 0 -16 457 0
4 R 0 -143 740 0
5 R 0 -227 896 0
6 R 0 -315 0
7 R 0 -164 0
8 R 0 -599 0
9 R 0 -242 0
10 R 0 -806 0
11 R 0 -548 0
12 R 0 -774 0
13 R 0 -974 0
14 R 0 -986 0
15 R 0 -3 0
16 R 0 -11 0
17 R 0 -212 0
18 R 0 -265 0
19 R 0 -431 0
20 R 0 -569 0
21 R 0 -975 0
22 R 0 -619 0
23 R 0 -874 0
24 R 0 -962 0
25 R 0 -438 0
26 R 0 -263 0
27 R 0 -113 0
28 R 0 -628 0
29 R 0 -978 0
30 R 0 -361 0
31 R 0 -350 0
32 R 0 -738 0
33 R 0 -408 0
34 R 0 -412 0

DAY = 24
NUMBER_OF_VEHICLES = 11
1 R 0 -96 0
2 R 0 -304 0
3 R 0 -529 0
4 R 0 -272 0
5 R 0 -334 0
6 R 0 -535 0
7 R 0 -776 0
8 R 0 -316 0
9 R 0 -457 0
10 R 0 -740 0
11 R 0 -896 0

