DATASET = All time best instance set VeRoLog competition
NAME = vehicle days over tools over vehicles over distance with 1000 requests over 30 days

DAY = 1
NUMBER_OF_VEHICLES = 40
1 R 0 13 0
2 R 0 24 0
3 R 0 25 0
4 R 0 28 0
5 R 0 88 0
6 R 0 97 0
7 R 0 107 0
8 R 0 125 0
9 R 0 145 0
10 R 0 165 0
11 R 0 171 0
12 R 0 176 0
13 R 0 197 0
14 R 0 200 0
15 R 0 203 0
16 R 0 207 0
17 R 0 215 0
18 R 0 217 0
19 R 0 233 0
20 R 0 240 0
21 R 0 261 0
22 R 0 267 0
23 R 0 268 0
24 R 0 326 0
25 R 0 327 0
26 R 0 344 0
27 R 0 410 0
28 R 0 491 0
29 R 0 533 0
30 R 0 642 0
31 R 0 646 0
32 R 0 743 0
33 R 0 752 0
34 R 0 762 0
35 R 0 775 0
36 R 0 818 0
37 R 0 919 0
38 R 0 941 0
39 R 0 971 0
40 R 0 987 0

DAY = 2
NUMBER_OF_VEHICLES = 36
1 R 0 -24 1 0
2 R 0 -28 237 0
3 R 0 -107 121 0
4 R 0 -145 248 0
5 R 0 -203 381 0
6 R 0 -233 322 0
7 R 0 -268 0
8 R 0 -326 188 0
9 R 0 -327 464 0
10 R 0 -491 669 0
11 R 0 -752 702 0
12 R 0 -762 728 0
13 R 0 -818 452 0
14 R 0 -987 416 0
15 R 0 189 0
16 R 0 417 0
17 R 0 435 0
18 R 0 485 0
19 R 0 494 0
20 R 0 509 0
21 R 0 512 0
22 R 0 517 0
23 R 0 529 0
24 R 0 621 0
25 R 0 670 0
26 R 0 679 0
27 R 0 692 0
28 R 0 722 0
29 R 0 740 0
30 R 0 750 0
31 R 0 756 0
32 R 0 803 0
33 R 0 921 0
34 R 0 934 0
35 R 0 965 0
36 R 0 983 0

DAY = 3
NUMBER_OF_VEHICLES = 35
1 R 0 -97 162 0
2 R 0 -171 66 0
3 R 0 -176 408 0
4 R 0 -200 428 0
5 R 0 -215 38 0
6 R 0 -217 147 0
7 R 0 -261 168 0
8 R 0 -267 611 0
9 R 0 -344 193 0
10 R 0 -533 206 0
11 R 0 -642 10 0
12 R 0 -646 234 0
13 R 0 -743 122 0
14 R 0 -941 635 0
15 R 0 -971 637 0
16 R 0 -1 297 0
17 R 0 -188 916 0
18 R 0 -417 0
19 R 0 -485 434 0
20 R 0 -509 340 0
21 R 0 -517 235 0
22 R 0 -621 0
23 R 0 -740 335 0
24 R 0 -750 0
25 R 0 349 0
26 R 0 461 0
27 R 0 528 0
28 R 0 545 0
29 R 0 576 0
30 R 0 615 0
31 R 0 727 0
32 R 0 802 0
33 R 0 877 0
34 R 0 936 0
35 R 0 945 0

DAY = 4
NUMBER_OF_VEHICLES = 51
1 R 0 -13 5 0
2 R 0 -25 184 0
3 R 0 -88 191 0
4 R 0 -125 377 0
5 R 0 -165 146 0
6 R 0 -197 16 0
7 R 0 -207 44 0
8 R 0 -240 290 0
9 R 0 -410 288 0
10 R 0 -775 208 0
11 R 0 -919 251 0
12 R 0 -237 407 0
13 R 0 -121 317 0
14 R 0 -248 486 0
15 R 0 -381 252 0
16 R 0 -464 613 0
17 R 0 -702 619 0
18 R 0 -728 706 0
19 R 0 -416 602 0
20 R 0 -435 711 0
21 R 0 -512 465 0
22 R 0 -529 715 0
23 R 0 -670 754 0
24 R 0 -679 924 0
25 R 0 -692 0
26 R 0 -756 0
27 R 0 -803 718 0
28 R 0 -921 0
29 R 0 -934 0
30 R 0 -965 0
31 R 0 -983 0
32 R 0 -66 0
33 R 0 -38 0
34 R 0 -611 745 0
35 R 0 -193 0
36 R 0 -635 869 0
37 R 0 -916 888 0
38 R 0 -434 0
39 R 0 -340 356 0
40 R 0 -349 415 0
41 R 0 -461 458 0
42 R 0 -727 0
43 R 0 -802 0
44 R 0 -877 0
45 R 0 -936 0
46 R 0 499 0
47 R 0 540 0
48 R 0 881 0
49 R 0 918 0
50 R 0 956 0
51 R 0 967 0

DAY = 5
NUMBER_OF_VEHICLES = 48
1 R 0 -322 479 0
2 R 0 -669 26 0
3 R 0 -452 14 0
4 R 0 -189 0
5 R 0 -494 32 0
6 R 0 -722 0
7 R 0 -162 135 0
8 R 0 -122 19 0
9 R 0 -297 527 0
10 R 0 -576 0
11 R 0 -945 0
12 R 0 -184 266 0
13 R 0 -16 605 0
14 R 0 -44 697 0
15 R 0 -290 42 0
16 R 0 -613 341 0
17 R 0 -619 440 0
18 R 0 -706 467 0
19 R 0 -602 799 0
20 R 0 -711 800 0
21 R 0 -715 861 0
22 R 0 -924 897 0
23 R 0 -718 622 0
24 R 0 -888 695 0
25 R 0 -499 141 0
26 R 0 -540 568 0
27 R 0 -881 662 0
28 R 0 273 0
29 R 0 384 0
30 R 0 446 0
31 R 0 515 0
32 R 0 550 0
33 R 0 606 0
34 R 0 696 0
35 R 0 701 0
36 R 0 772 0
37 R 0 784 0
38 R 0 788 0
39 R 0 822 0
40 R 0 845 0
41 R 0 862 0
42 R 0 891 0
43 R 0 901 0
44 R 0 910 0
45 R 0 977 0
46 R 0 984 0
47 R 0 986 0
48 R 0 990 0

DAY = 6
NUMBER_OF_VEHICLES = 40
1 R 0 -408 43 0
2 R 0 -428 110 0
3 R 0 -147 56 0
4 R 0 -168 0
5 R 0 -206 298 0
6 R 0 -10 83 0
7 R 0 -234 89 0
8 R 0 -637 254 0
9 R 0 -235 109 0
10 R 0 -335 166 0
11 R 0 -528 186 0
12 R 0 -545 360 0
13 R 0 -615 470 0
14 R 0 -5 369 0
15 R 0 -191 636 0
16 R 0 -377 839 0
17 R 0 -146 630 0
18 R 0 -317 689 0
19 R 0 -486 482 0
20 R 0 -252 674 0
21 R 0 -465 867 0
22 R 0 -869 0
23 R 0 -356 0
24 R 0 -458 0
25 R 0 -14 950 0
26 R 0 -19 0
27 R 0 -42 0
28 R 0 -440 0
29 R 0 -799 0
30 R 0 -622 0
31 R 0 -772 0
32 R 0 -784 975 0
33 R 0 -845 0
34 R 0 -862 0
35 R 0 -990 989 0
36 R 0 547 0
37 R 0 551 0
38 R 0 694 0
39 R 0 835 0
40 R 0 974 0

DAY = 7
NUMBER_OF_VEHICLES = 42
1 R 0 -288 155 0
2 R 0 -208 223 0
3 R 0 -251 255 0
4 R 0 -407 281 0
5 R 0 -754 291 0
6 R 0 -745 64 0
7 R 0 -415 137 0
8 R 0 -918 278 0
9 R 0 -956 158 0
10 R 0 -967 262 0
11 R 0 -26 404 0
12 R 0 -32 429 0
13 R 0 -527 346 0
14 R 0 -341 497 0
15 R 0 -467 524 0
16 R 0 -897 385 0
17 R 0 -695 538 0
18 R 0 -141 471 0
19 R 0 -662 603 0
20 R 0 -273 0
21 R 0 -515 0
22 R 0 -696 0
23 R 0 -822 0
24 R 0 -891 0
25 R 0 -901 776 0
26 R 0 -910 451 0
27 R 0 -83 790 0
28 R 0 -254 597 0
29 R 0 -369 548 0
30 R 0 -636 631 0
31 R 0 -689 898 0
32 R 0 -694 721 0
33 R 0 -835 737 0
34 R 0 -974 805 0
35 R 0 645 0
36 R 0 779 0
37 R 0 811 0
38 R 0 820 0
39 R 0 889 0
40 R 0 902 0
41 R 0 938 0
42 R 0 961 0

DAY = 8
NUMBER_OF_VEHICLES = 49
1 R 0 -479 18 0
2 R 0 -135 75 0
3 R 0 -266 243 0
4 R 0 -605 72 0
5 R 0 -697 194 0
6 R 0 -800 253 0
7 R 0 -861 437 0
8 R 0 -568 93 0
9 R 0 -384 45 0
10 R 0 -446 94 0
11 R 0 -550 353 0
12 R 0 -606 394 0
13 R 0 -701 276 0
14 R 0 -788 468 0
15 R 0 -977 111 0
16 R 0 -984 151 0
17 R 0 -986 777 0
18 R 0 -110 534 0
19 R 0 -56 0
20 R 0 -298 953 0
21 R 0 -89 601 0
22 R 0 -166 680 0
23 R 0 -186 201 0
24 R 0 -360 232 0
25 R 0 -470 265 0
26 R 0 -839 566 0
27 R 0 -630 707 0
28 R 0 -482 0
29 R 0 -867 741 0
30 R 0 -551 0
31 R 0 -281 0
32 R 0 -429 813 0
33 R 0 -497 742 0
34 R 0 -385 0
35 R 0 -471 342 0
36 R 0 -776 351 0
37 R 0 -790 370 0
38 R 0 -548 0
39 R 0 -737 0
40 R 0 -805 0
41 R 0 -779 955 0
42 R 0 -820 0
43 R 0 -902 439 0
44 R 0 530 0
45 R 0 589 0
46 R 0 688 0
47 R 0 769 0
48 R 0 793 0
49 R 0 915 0

DAY = 9
NUMBER_OF_VEHICLES = 44
1 R 0 -43 73 0
2 R 0 -109 4 0
3 R 0 -674 67 0
4 R 0 -950 299 0
5 R 0 -975 0
6 R 0 -989 270 0
7 R 0 -547 0
8 R 0 -155 229 0
9 R 0 -158 55 0
10 R 0 -524 352 0
11 R 0 -603 82 0
12 R 0 -451 386 0
13 R 0 -597 513 0
14 R 0 -898 331 0
15 R 0 -645 564 0
16 R 0 -889 634 0
17 R 0 -961 387 0
18 R 0 -94 350 0
19 R 0 -276 825 0
20 R 0 -111 414 0
21 R 0 -777 395 0
22 R 0 -953 419 0
23 R 0 -680 618 0
24 R 0 -201 544 0
25 R 0 -741 652 0
26 R 0 -342 607 0
27 R 0 -955 858 0
28 R 0 -439 682 0
29 R 0 -688 690 0
30 R 0 -769 932 0
31 R 0 495 0
32 R 0 583 0
33 R 0 708 0
34 R 0 719 0
35 R 0 736 0
36 R 0 757 0
37 R 0 758 0
38 R 0 767 0
39 R 0 781 0
40 R 0 801 0
41 R 0 848 0
42 R 0 893 0
43 R 0 944 0
44 R 0 993 0

DAY = 10
NUMBER_OF_VEHICLES = 44
1 R 0 -223 31 0
2 R 0 -255 113 0
3 R 0 -291 115 0
4 R 0 -64 54 0
5 R 0 -137 37 0
6 R 0 -278 0
7 R 0 -262 228 0
8 R 0 -404 106 0
9 R 0 -346 192 0
10 R 0 -538 562 0
11 R 0 -631 785 0
12 R 0 -721 343 0
13 R 0 -811 359 0
14 R 0 -938 422 0
15 R 0 -18 426 0
16 R 0 -253 454 0
17 R 0 -45 205 0
18 R 0 -394 272 0
19 R 0 -468 303 0
20 R 0 -151 296 0
21 R 0 -707 318 0
22 R 0 -530 305 0
23 R 0 -589 380 0
24 R 0 -915 594 0
25 R 0 -73 833 0
26 R 0 -229 493 0
27 R 0 -386 0
28 R 0 -634 933 0
29 R 0 -825 0
30 R 0 -607 691 0
31 R 0 -858 0
32 R 0 -682 744 0
33 R 0 -495 0
34 R 0 -708 626 0
35 R 0 -736 661 0
36 R 0 -758 0
37 R 0 -767 390 0
38 R 0 400 0
39 R 0 518 0
40 R 0 600 0
41 R 0 644 0
42 R 0 786 0
43 R 0 821 0
44 R 0 855 0

DAY = 11
NUMBER_OF_VEHICLES = 45
1 R 0 -75 0
2 R 0 -243 101 0
3 R 0 -72 8 0
4 R 0 -194 102 0
5 R 0 -437 0
6 R 0 -93 76 0
7 R 0 -353 11 0
8 R 0 -534 224 0
9 R 0 -601 0
10 R 0 -232 136 0
11 R 0 -265 187 0
12 R 0 -566 333 0
13 R 0 -813 23 0
14 R 0 -742 761 0
15 R 0 -351 537 0
16 R 0 -370 608 0
17 R 0 -793 733 0
18 R 0 -67 49 0
19 R 0 -299 180 0
20 R 0 -270 0
21 R 0 -82 937 0
22 R 0 -331 949 0
23 R 0 -387 958 0
24 R 0 -350 402 0
25 R 0 -414 978 0
26 R 0 -419 120 0
27 R 0 -583 219 0
28 R 0 -781 245 0
29 R 0 -848 459 0
30 R 0 -893 660 0
31 R 0 -106 0
32 R 0 -785 0
33 R 0 -422 292 0
34 R 0 -205 671 0
35 R 0 -272 698 0
36 R 0 -318 870 0
37 R 0 -493 321 0
38 R 0 -661 388 0
39 R 0 -518 0
40 R 0 -644 0
41 R 0 553 0
42 R 0 771 0
43 R 0 792 0
44 R 0 875 0
45 R 0 917 0

DAY = 12
NUMBER_OF_VEHICLES = 38
1 R 0 -4 41 0
2 R 0 -55 126 0
3 R 0 -352 332 0
4 R 0 -513 382 0
5 R 0 -564 500 0
6 R 0 -395 92 0
7 R 0 -618 90 0
8 R 0 -544 218 0
9 R 0 -652 287 0
10 R 0 -690 306 0
11 R 0 -932 523 0
12 R 0 -719 307 0
13 R 0 -757 323 0
14 R 0 -801 406 0
15 R 0 -944 510 0
16 R 0 -993 586 0
17 R 0 -54 627 0
18 R 0 -562 880 0
19 R 0 -343 409 0
20 R 0 -426 431 0
21 R 0 -305 599 0
22 R 0 -380 676 0
23 R 0 -933 904 0
24 R 0 -626 624 0
25 R 0 -390 463 0
26 R 0 -821 588 0
27 R 0 -136 705 0
28 R 0 -608 797 0
29 R 0 -733 0
30 R 0 -49 650 0
31 R 0 -949 872 0
32 R 0 -958 922 0
33 R 0 -245 882 0
34 R 0 -917 963 0
35 R 0 681 0
36 R 0 746 0
37 R 0 929 0
38 R 0 966 0

DAY = 13
NUMBER_OF_VEHICLES = 51
1 R 0 -31 39 0
2 R 0 -113 96 0
3 R 0 -115 211 0
4 R 0 -37 140 0
5 R 0 -228 525 0
6 R 0 -192 48 0
7 R 0 -359 100 0
8 R 0 -454 354 0
9 R 0 -303 213 0
10 R 0 -296 687 0
11 R 0 -594 0
12 R 0 -833 163 0
13 R 0 -691 734 0
14 R 0 -744 836 0
15 R 0 -400 226 0
16 R 0 -600 347 0
17 R 0 -786 420 0
18 R 0 -855 639 0
19 R 0 -101 257 0
20 R 0 -187 970 0
21 R 0 -333 304 0
22 R 0 -761 312 0
23 R 0 -180 643 0
24 R 0 -219 503 0
25 R 0 -459 791 0
26 R 0 -870 0
27 R 0 -388 582 0
28 R 0 -553 604 0
29 R 0 -771 665 0
30 R 0 -792 812 0
31 R 0 -126 0
32 R 0 -332 522 0
33 R 0 -382 543 0
34 R 0 -500 610 0
35 R 0 -90 0
36 R 0 -287 0
37 R 0 -523 0
38 R 0 -627 623 0
39 R 0 -880 632 0
40 R 0 -904 747 0
41 R 0 -463 0
42 R 0 -922 0
43 R 0 -681 0
44 R 0 -929 798 0
45 R 0 -966 0
46 R 0 827 0
47 R 0 843 0
48 R 0 846 0
49 R 0 905 0
50 R 0 928 0
51 R 0 954 0

DAY = 14
NUMBER_OF_VEHICLES = 54
1 R 0 -8 29 0
2 R 0 -102 241 0
3 R 0 -76 35 0
4 R 0 -11 91 0
5 R 0 -224 134 0
6 R 0 -23 0
7 R 0 -537 71 0
8 R 0 -937 74 0
9 R 0 -402 131 0
10 R 0 -978 221 0
11 R 0 -120 277 0
12 R 0 -660 156 0
13 R 0 -292 279 0
14 R 0 -671 256 0
15 R 0 -698 258 0
16 R 0 -321 368 0
17 R 0 -875 532 0
18 R 0 -510 152 0
19 R 0 -586 0
20 R 0 -431 817 0
21 R 0 -624 948 0
22 R 0 -797 0
23 R 0 -746 285 0
24 R 0 -39 293 0
25 R 0 -211 345 0
26 R 0 -140 0
27 R 0 -525 374 0
28 R 0 -100 0
29 R 0 -213 355 0
30 R 0 -734 443 0
31 R 0 -836 572 0
32 R 0 -347 361 0
33 R 0 -639 392 0
34 R 0 -970 667 0
35 R 0 -543 164 0
36 R 0 -798 225 0
37 R 0 -846 0
38 R 0 286 0
39 R 0 364 0
40 R 0 418 0
41 R 0 436 0
42 R 0 442 0
43 R 0 455 0
44 R 0 542 0
45 R 0 620 0
46 R 0 625 0
47 R 0 703 0
48 R 0 712 0
49 R 0 806 0
50 R 0 879 0
51 R 0 913 0
52 R 0 940 0
53 R 0 968 0
54 R 0 998 0

DAY = 15
NUMBER_OF_VEHICLES = 46
1 R 0 -41 57 0
2 R 0 -92 99 0
3 R 0 -218 222 0
4 R 0 -306 337 0
5 R 0 -307 130 0
6 R 0 -323 169 0
7 R 0 -406 259 0
8 R 0 -409 311 0
9 R 0 -599 511 0
10 R 0 -676 656 0
11 R 0 -588 325 0
12 R 0 -705 675 0
13 R 0 -650 366 0
14 R 0 -872 0
15 R 0 -882 324 0
16 R 0 -963 391 0
17 R 0 -48 498 0
18 R 0 -687 678 0
19 R 0 -226 396 0
20 R 0 -420 587 0
21 R 0 -503 519 0
22 R 0 -610 51 0
23 R 0 -623 782 0
24 R 0 -843 614 0
25 R 0 -905 837 0
26 R 0 -29 773 0
27 R 0 -221 759 0
28 R 0 -277 992 0
29 R 0 -368 995 0
30 R 0 -152 0
31 R 0 -817 1000 0
32 R 0 -285 593 0
33 R 0 -293 704 0
34 R 0 -374 842 0
35 R 0 -225 0
36 R 0 -364 0
37 R 0 -703 770 0
38 R 0 -940 838 0
39 R 0 -968 863 0
40 R 0 868 0
41 R 0 887 0
42 R 0 907 0
43 R 0 943 0
44 R 0 979 0
45 R 0 988 0
46 R 0 999 0

DAY = 16
NUMBER_OF_VEHICLES = 50
1 R 0 -96 63 0
2 R 0 -354 2 0
3 R 0 -163 0
4 R 0 -257 77 0
5 R 0 -304 153 0
6 R 0 -312 190 0
7 R 0 -643 87 0
8 R 0 -791 236 0
9 R 0 -582 62 0
10 R 0 -604 249 0
11 R 0 -665 445 0
12 R 0 -812 476 0
13 R 0 -522 399 0
14 R 0 -632 444 0
15 R 0 -747 521 0
16 R 0 -827 585 0
17 R 0 -928 633 0
18 R 0 -954 738 0
19 R 0 -91 269 0
20 R 0 -131 376 0
21 R 0 -156 430 0
22 R 0 -256 432 0
23 R 0 -345 778 0
24 R 0 -355 0
25 R 0 -443 46 0
26 R 0 -361 0
27 R 0 -392 0
28 R 0 -667 112 0
29 R 0 -418 0
30 R 0 -436 0
31 R 0 -442 0
32 R 0 -455 0
33 R 0 -620 852 0
34 R 0 -998 923 0
35 R 0 -57 0
36 R 0 -337 263 0
37 R 0 -259 570 0
38 R 0 -656 300 0
39 R 0 -366 0
40 R 0 -391 641 0
41 R 0 -587 0
42 R 0 -51 946 0
43 R 0 -773 664 0
44 R 0 -907 531 0
45 R 0 -988 578 0
46 R 0 764 0
47 R 0 787 0
48 R 0 810 0
49 R 0 909 0
50 R 0 947 0

DAY = 17
NUMBER_OF_VEHICLES = 46
1 R 0 -241 154 0
2 R 0 -35 3 0
3 R 0 -134 30 0
4 R 0 -71 105 0
5 R 0 -74 175 0
6 R 0 -279 363 0
7 R 0 -258 150 0
8 R 0 -532 389 0
9 R 0 -948 475 0
10 R 0 -572 238 0
11 R 0 -164 132 0
12 R 0 -286 161 0
13 R 0 -542 284 0
14 R 0 -625 371 0
15 R 0 -712 456 0
16 R 0 -806 561 0
17 R 0 -879 638 0
18 R 0 -913 449 0
19 R 0 -222 314 0
20 R 0 -169 508 0
21 R 0 -311 609 0
22 R 0 -675 560 0
23 R 0 -324 673 0
24 R 0 -396 567 0
25 R 0 -782 666 0
26 R 0 -1000 713 0
27 R 0 -593 581 0
28 R 0 -842 857 0
29 R 0 -838 716 0
30 R 0 -863 885 0
31 R 0 -868 0
32 R 0 -943 927 0
33 R 0 -979 0
34 R 0 -2 783 0
35 R 0 -77 686 0
36 R 0 -153 726 0
37 R 0 -87 0
38 R 0 -236 0
39 R 0 -445 886 0
40 R 0 -585 830 0
41 R 0 -269 0
42 R 0 -112 0
43 R 0 -946 0
44 R 0 -531 0
45 R 0 -578 0
46 R 0 -947 0

DAY = 18
NUMBER_OF_VEHICLES = 38
1 R 0 -99 488 0
2 R 0 -130 473 0
3 R 0 -511 52 0
4 R 0 -325 504 0
5 R 0 -498 765 0
6 R 0 -678 159 0
7 R 0 -519 925 0
8 R 0 -614 0
9 R 0 -837 6 0
10 R 0 -759 308 0
11 R 0 -992 0
12 R 0 -995 0
13 R 0 -704 559 0
14 R 0 -770 571 0
15 R 0 -887 640 0
16 R 0 -999 575 0
17 R 0 -190 209 0
18 R 0 -476 0
19 R 0 -444 230 0
20 R 0 -521 239 0
21 R 0 -376 658 0
22 R 0 -430 699 0
23 R 0 -432 0
24 R 0 -778 0
25 R 0 -923 260 0
26 R 0 -263 920 0
27 R 0 -810 0
28 R 0 -3 0
29 R 0 -132 362 0
30 R 0 -161 876 0
31 R 0 -449 0
32 R 0 -560 0
33 R 0 -716 0
34 R 0 -885 0
35 R 0 -783 0
36 R 0 -726 890 0
37 R 0 -886 0
38 R 0 895 0

DAY = 19
NUMBER_OF_VEHICLES = 51
1 R 0 -63 119 0
2 R 0 -62 95 0
3 R 0 -249 195 0
4 R 0 -399 108 0
5 R 0 -633 148 0
6 R 0 -738 178 0
7 R 0 -46 53 0
8 R 0 -852 483 0
9 R 0 -570 227 0
10 R 0 -300 78 0
11 R 0 -641 275 0
12 R 0 -664 358 0
13 R 0 -764 403 0
14 R 0 -787 480 0
15 R 0 -909 808 0
16 R 0 -30 569 0
17 R 0 -363 850 0
18 R 0 -150 182 0
19 R 0 -389 851 0
20 R 0 -475 0
21 R 0 -238 80 0
22 R 0 -456 573 0
23 R 0 -561 590 0
24 R 0 -314 202 0
25 R 0 -609 0
26 R 0 -673 0
27 R 0 -666 616 0
28 R 0 -713 0
29 R 0 -927 283 0
30 R 0 -686 700 0
31 R 0 -52 247 0
32 R 0 -308 450 0
33 R 0 -640 315 0
34 R 0 -209 795 0
35 R 0 -239 816 0
36 R 0 -699 378 0
37 R 0 -920 563 0
38 R 0 -890 892 0
39 R 0 -895 894 0
40 R 0 516 0
41 R 0 714 0
42 R 0 739 0
43 R 0 749 0
44 R 0 774 0
45 R 0 804 0
46 R 0 815 0
47 R 0 841 0
48 R 0 899 0
49 R 0 951 0
50 R 0 959 0
51 R 0 985 0

DAY = 20
NUMBER_OF_VEHICLES = 49
1 R 0 -154 139 0
2 R 0 -105 12 0
3 R 0 -175 65 0
4 R 0 -284 0
5 R 0 -371 242 0
6 R 0 -638 329 0
7 R 0 -508 68 0
8 R 0 -567 173 0
9 R 0 -581 177 0
10 R 0 -857 114 0
11 R 0 -830 441 0
12 R 0 -488 319 0
13 R 0 -504 264 0
14 R 0 -765 580 0
15 R 0 -159 118 0
16 R 0 -6 496 0
17 R 0 -571 313 0
18 R 0 -575 127 0
19 R 0 -808 628 0
20 R 0 -182 357 0
21 R 0 -202 138 0
22 R 0 -450 181 0
23 R 0 -774 401 0
24 R 0 -985 433 0
25 R 0 198 0
26 R 0 216 0
27 R 0 320 0
28 R 0 469 0
29 R 0 487 0
30 R 0 595 0
31 R 0 629 0
32 R 0 648 0
33 R 0 653 0
34 R 0 657 0
35 R 0 677 0
36 R 0 729 0
37 R 0 730 0
38 R 0 755 0
39 R 0 760 0
40 R 0 807 0
41 R 0 829 0
42 R 0 873 0
43 R 0 883 0
44 R 0 908 0
45 R 0 914 0
46 R 0 931 0
47 R 0 964 0
48 R 0 976 0
49 R 0 994 0

DAY = 21
NUMBER_OF_VEHICLES = 53
1 R 0 -473 27 0
2 R 0 -925 50 0
3 R 0 -559 144 0
4 R 0 -230 15 0
5 R 0 -658 167 0
6 R 0 -260 40 0
7 R 0 -362 103 0
8 R 0 -876 174 0
9 R 0 -119 310 0
10 R 0 -108 183 0
11 R 0 -53 128 0
12 R 0 -227 59 0
13 R 0 -78 0
14 R 0 -80 0
15 R 0 -700 412 0
16 R 0 -315 413 0
17 R 0 -795 492 0
18 R 0 -892 505 0
19 R 0 -516 448 0
20 R 0 -714 0
21 R 0 -749 0
22 R 0 -804 724 0
23 R 0 -899 617 0
24 R 0 -951 980 0
25 R 0 -139 117 0
26 R 0 -12 172 0
27 R 0 -242 0
28 R 0 -329 0
29 R 0 -441 0
30 R 0 -118 421 0
31 R 0 -401 973 0
32 R 0 -433 0
33 R 0 -198 655 0
34 R 0 -629 723 0
35 R 0 -653 866 0
36 R 0 -755 185 0
37 R 0 -760 0
38 R 0 -829 0
39 R 0 -914 0
40 R 0 -964 896 0
41 R 0 -976 0
42 R 0 336 0
43 R 0 348 0
44 R 0 427 0
45 R 0 460 0
46 R 0 462 0
47 R 0 477 0
48 R 0 506 0
49 R 0 796 0
50 R 0 874 0
51 R 0 935 0
52 R 0 969 0
53 R 0 996 0

DAY = 22
NUMBER_OF_VEHICLES = 53
1 R 0 -95 9 0
2 R 0 -195 85 0
3 R 0 -148 61 0
4 R 0 -178 330 0
5 R 0 -483 502 0
6 R 0 -275 210 0
7 R 0 -358 289 0
8 R 0 -403 302 0
9 R 0 -480 328 0
10 R 0 -569 520 0
11 R 0 -850 472 0
12 R 0 -851 514 0
13 R 0 -573 558 0
14 R 0 -590 865 0
15 R 0 -616 900 0
16 R 0 -283 104 0
17 R 0 -247 116 0
18 R 0 -816 960 0
19 R 0 -378 160 0
20 R 0 -563 123 0
21 R 0 -894 997 0
22 R 0 -739 212 0
23 R 0 -815 393 0
24 R 0 -841 246 0
25 R 0 -959 373 0
26 R 0 -65 423 0
27 R 0 -68 489 0
28 R 0 -173 763 0
29 R 0 -114 565 0
30 R 0 -319 651 0
31 R 0 -580 847 0
32 R 0 -628 0
33 R 0 -469 768 0
34 R 0 -487 649 0
35 R 0 -595 823 0
36 R 0 -657 0
37 R 0 -873 0
38 R 0 -883 0
39 R 0 -908 0
40 R 0 -50 0
41 R 0 -40 0
42 R 0 -310 0
43 R 0 -448 859 0
44 R 0 -724 0
45 R 0 -980 0
46 R 0 -117 0
47 R 0 -973 0
48 R 0 -723 668 0
49 R 0 -866 717 0
50 R 0 -506 0
51 R 0 -996 0
52 R 0 819 0
53 R 0 939 0

DAY = 23
NUMBER_OF_VEHICLES = 49
1 R 0 -177 81 0
2 R 0 -264 86 0
3 R 0 -496 453 0
4 R 0 -313 133 0
5 R 0 -127 20 0
6 R 0 -357 157 0
7 R 0 -138 405 0
8 R 0 -181 539 0
9 R 0 -216 577 0
10 R 0 -320 579 0
11 R 0 -648 481 0
12 R 0 -677 47 0
13 R 0 -729 129 0
14 R 0 -730 338 0
15 R 0 -807 271 0
16 R 0 -931 546 0
17 R 0 -994 334 0
18 R 0 -15 612 0
19 R 0 -167 447 0
20 R 0 -103 789 0
21 R 0 -59 425 0
22 R 0 -412 844 0
23 R 0 -413 685 0
24 R 0 -492 864 0
25 R 0 -617 0
26 R 0 -421 659 0
27 R 0 -655 710 0
28 R 0 -185 466 0
29 R 0 -896 732 0
30 R 0 -427 478 0
31 R 0 -462 647 0
32 R 0 -477 683 0
33 R 0 -796 725 0
34 R 0 -874 0
35 R 0 -502 0
36 R 0 -302 0
37 R 0 -520 0
38 R 0 -558 0
39 R 0 -900 0
40 R 0 -960 0
41 R 0 -123 735 0
42 R 0 -997 0
43 R 0 -393 766 0
44 R 0 -649 794 0
45 R 0 -859 0
46 R 0 -939 826 0
47 R 0 831 0
48 R 0 860 0
49 R 0 962 0

DAY = 24
NUMBER_OF_VEHICLES = 39
1 R 0 -27 33 0
2 R 0 -144 60 0
3 R 0 -174 58 0
4 R 0 -183 199 0
5 R 0 -128 0
6 R 0 -505 220 0
7 R 0 -172 214 0
8 R 0 -336 70 0
9 R 0 -348 149 0
10 R 0 -460 339 0
11 R 0 -935 411 0
12 R 0 -969 555 0
13 R 0 -85 556 0
14 R 0 -210 596 0
15 R 0 -289 0
16 R 0 -328 0
17 R 0 -472 0
18 R 0 -116 526 0
19 R 0 -246 179 0
20 R 0 -763 204 0
21 R 0 -565 709 0
22 R 0 -651 0
23 R 0 -847 0
24 R 0 -668 753 0
25 R 0 -819 832 0
26 R 0 -81 282 0
27 R 0 -86 309 0
28 R 0 -405 834 0
29 R 0 -579 856 0
30 R 0 -447 554 0
31 R 0 -425 0
32 R 0 -844 316 0
33 R 0 -864 592 0
34 R 0 -478 0
35 R 0 -831 748 0
36 R 0 -962 0
37 R 0 840 0
38 R 0 903 0
39 R 0 912 0

DAY = 25
NUMBER_OF_VEHICLES = 40
1 R 0 -9 34 0
2 R 0 -61 196 0
3 R 0 -330 231 0
4 R 0 -514 124 0
5 R 0 -865 274 0
6 R 0 -104 143 0
7 R 0 -160 398 0
8 R 0 -212 424 0
9 R 0 -373 598 0
10 R 0 -423 7 0
11 R 0 -489 654 0
12 R 0 -768 854 0
13 R 0 -823 884 0
14 R 0 -717 372 0
15 R 0 -20 490 0
16 R 0 -539 501 0
17 R 0 -577 574 0
18 R 0 -481 365 0
19 R 0 -338 142 0
20 R 0 -612 438 0
21 R 0 -685 0
22 R 0 -659 584 0
23 R 0 -466 250 0
24 R 0 -732 684 0
25 R 0 -766 720 0
26 R 0 -826 780 0
27 R 0 -58 672 0
28 R 0 -199 853 0
29 R 0 -220 926 0
30 R 0 -149 301 0
31 R 0 -339 379 0
32 R 0 -411 809 0
33 R 0 -556 457 0
34 R 0 -709 0
35 R 0 -834 0
36 R 0 -554 0
37 R 0 -840 0
38 R 0 751 0
39 R 0 906 0
40 R 0 911 0

DAY = 26
NUMBER_OF_VEHICLES = 40
1 R 0 -453 17 0
2 R 0 -133 98 0
3 R 0 -157 507 0
4 R 0 -47 294 0
5 R 0 -129 367 0
6 R 0 -271 591 0
7 R 0 -546 22 0
8 R 0 -334 731 0
9 R 0 -789 375 0
10 R 0 -710 21 0
11 R 0 -647 849 0
12 R 0 -683 982 0
13 R 0 -725 0
14 R 0 -735 36 0
15 R 0 -794 536 0
16 R 0 -860 871 0
17 R 0 -555 0
18 R 0 -204 0
19 R 0 -753 549 0
20 R 0 -832 663 0
21 R 0 -309 0
22 R 0 -748 0
23 R 0 -903 535 0
24 R 0 -34 0
25 R 0 -196 552 0
26 R 0 -143 0
27 R 0 -598 0
28 R 0 -854 0
29 R 0 -372 0
30 R 0 -142 0
31 R 0 -250 0
32 R 0 -720 0
33 R 0 -301 0
34 R 0 -809 0
35 R 0 -751 0
36 R 0 -911 0
37 R 0 828 0
38 R 0 878 0
39 R 0 942 0
40 R 0 991 0

DAY = 27
NUMBER_OF_VEHICLES = 40
1 R 0 -33 295 0
2 R 0 -60 0
3 R 0 -214 84 0
4 R 0 -70 79 0
5 R 0 -596 957 0
6 R 0 -526 170 0
7 R 0 -179 0
8 R 0 -282 0
9 R 0 -856 280 0
10 R 0 -316 474 0
11 R 0 -592 541 0
12 R 0 -912 0
13 R 0 -124 981 0
14 R 0 -274 814 0
15 R 0 -398 0
16 R 0 -424 0
17 R 0 -7 397 0
18 R 0 -654 0
19 R 0 -490 484 0
20 R 0 -501 930 0
21 R 0 -438 972 0
22 R 0 -584 952 0
23 R 0 -684 0
24 R 0 -780 0
25 R 0 -672 0
26 R 0 -853 0
27 R 0 -457 0
28 R 0 -906 0
29 R 0 -17 0
30 R 0 -367 0
31 R 0 -591 0
32 R 0 -731 0
33 R 0 -849 0
34 R 0 -982 0
35 R 0 -536 0
36 R 0 -871 0
37 R 0 -535 0
38 R 0 -828 0
39 R 0 -942 0
40 R 0 -991 0

DAY = 28
NUMBER_OF_VEHICLES = 22
1 R 0 -231 0
2 R 0 -884 69 0
3 R 0 -574 693 0
4 R 0 -365 0
5 R 0 -926 0
6 R 0 -379 557 0
7 R 0 -507 244 0
8 R 0 -294 0
9 R 0 -22 0
10 R 0 -375 0
11 R 0 -21 0
12 R 0 -36 0
13 R 0 -663 0
14 R 0 -295 383 0
15 R 0 -79 0
16 R 0 -957 0
17 R 0 -280 0
18 R 0 -981 0
19 R 0 -814 0
20 R 0 -484 0
21 R 0 -972 0
22 R 0 824 0

DAY = 29
NUMBER_OF_VEHICLES = 17
1 R 0 -98 0
2 R 0 -549 0
3 R 0 -552 0
4 R 0 -878 0
5 R 0 -84 0
6 R 0 -170 0
7 R 0 -474 0
8 R 0 -541 0
9 R 0 -397 0
10 R 0 -930 0
11 R 0 -952 0
12 R 0 -69 0
13 R 0 -693 0
14 R 0 -557 0
15 R 0 -244 0
16 R 0 -383 0
17 R 0 -824 0

