DATASET = All time best instance set VeRoLog competition
NAME = tools over vehicles over vehicle days over distance with 500 requests over 15 days

DAY = 1
NUMBER_OF_VEHICLES = 49
1 R 0 3 0
2 R 0 13 0
3 R 0 17 0
4 R 0 38 0
5 R 0 51 0
6 R 0 62 0
7 R 0 70 0
8 R 0 74 0
9 R 0 86 0
10 R 0 89 0
11 R 0 92 0
12 R 0 97 0
13 R 0 165 0
14 R 0 174 0
15 R 0 176 0
16 R 0 180 0
17 R 0 206 0
18 R 0 213 0
19 R 0 223 0
20 R 0 247 0
21 R 0 249 0
22 R 0 256 0
23 R 0 278 0
24 R 0 280 0
25 R 0 285 0
26 R 0 298 0
27 R 0 313 0
28 R 0 316 0
29 R 0 339 0
30 R 0 342 0
31 R 0 343 0
32 R 0 351 0
33 R 0 357 0
34 R 0 378 0
35 R 0 404 0
36 R 0 412 0
37 R 0 413 0
38 R 0 424 0
39 R 0 436 0
40 R 0 441 0
41 R 0 452 0
42 R 0 456 0
43 R 0 459 0
44 R 0 465 0
45 R 0 474 0
46 R 0 484 0
47 R 0 489 0
48 R 0 494 0
49 R 0 495 0

DAY = 2
NUMBER_OF_VEHICLES = 51
1 R 0 -13 39 0
2 R 0 -74 7 0
3 R 0 -176 11 0
4 R 0 -206 0
5 R 0 -247 0
6 R 0 -249 81 0
7 R 0 -256 0
8 R 0 -280 123 0
9 R 0 -343 18 0
10 R 0 -357 185 0
11 R 0 -404 41 0
12 R 0 -424 190 0
13 R 0 -436 120 0
14 R 0 -465 121 0
15 R 0 -489 130 0
16 R 0 72 0
17 R 0 101 0
18 R 0 110 0
19 R 0 115 0
20 R 0 148 0
21 R 0 158 0
22 R 0 193 0
23 R 0 215 0
24 R 0 225 0
25 R 0 229 0
26 R 0 244 0
27 R 0 253 0
28 R 0 259 0
29 R 0 263 0
30 R 0 267 0
31 R 0 276 0
32 R 0 279 0
33 R 0 283 0
34 R 0 295 0
35 R 0 302 0
36 R 0 344 0
37 R 0 365 0
38 R 0 381 0
39 R 0 384 0
40 R 0 396 0
41 R 0 398 0
42 R 0 402 0
43 R 0 407 0
44 R 0 408 0
45 R 0 423 0
46 R 0 430 0
47 R 0 454 0
48 R 0 458 0
49 R 0 460 0
50 R 0 485 0
51 R 0 496 0

DAY = 3
NUMBER_OF_VEHICLES = 61
1 R 0 -3 14 0
2 R 0 -17 48 0
3 R 0 -38 23 0
4 R 0 -51 57 0
5 R 0 -62 27 0
6 R 0 -70 28 0
7 R 0 -86 65 0
8 R 0 -89 61 0
9 R 0 -97 78 0
10 R 0 -180 94 0
11 R 0 -213 66 0
12 R 0 -285 71 0
13 R 0 -298 0
14 R 0 -313 67 0
15 R 0 -316 112 0
16 R 0 -339 202 0
17 R 0 -351 108 0
18 R 0 -378 212 0
19 R 0 -413 114 0
20 R 0 -456 273 0
21 R 0 -459 100 0
22 R 0 -484 0
23 R 0 -494 0
24 R 0 -7 346 0
25 R 0 -123 117 0
26 R 0 -18 82 0
27 R 0 -185 124 0
28 R 0 -130 362 0
29 R 0 -115 98 0
30 R 0 -215 0
31 R 0 -267 434 0
32 R 0 -276 0
33 R 0 -279 236 0
34 R 0 -302 195 0
35 R 0 -365 277 0
36 R 0 -381 257 0
37 R 0 -407 106 0
38 R 0 -423 0
39 R 0 -454 469 0
40 R 0 -458 315 0
41 R 0 127 0
42 R 0 146 0
43 R 0 192 0
44 R 0 211 0
45 R 0 234 0
46 R 0 286 0
47 R 0 321 0
48 R 0 326 0
49 R 0 366 0
50 R 0 370 0
51 R 0 380 0
52 R 0 400 0
53 R 0 411 0
54 R 0 433 0
55 R 0 447 0
56 R 0 461 0
57 R 0 466 0
58 R 0 481 0
59 R 0 487 0
60 R 0 490 0
61 R 0 498 0

DAY = 4
NUMBER_OF_VEHICLES = 55
1 R 0 -92 12 0
2 R 0 -165 0
3 R 0 -174 0
4 R 0 -223 24 0
5 R 0 -278 40 0
6 R 0 -342 49 0
7 R 0 -412 0
8 R 0 -441 139 0
9 R 0 -452 198 0
10 R 0 -474 217 0
11 R 0 -495 0
12 R 0 -39 75 0
13 R 0 -81 188 0
14 R 0 -41 0
15 R 0 -120 43 0
16 R 0 -72 20 0
17 R 0 -110 22 0
18 R 0 -148 301 0
19 R 0 -158 0
20 R 0 -193 35 0
21 R 0 -225 111 0
22 R 0 -244 361 0
23 R 0 -259 368 0
24 R 0 -283 164 0
25 R 0 -295 0
26 R 0 -344 464 0
27 R 0 -384 168 0
28 R 0 -396 491 0
29 R 0 -398 500 0
30 R 0 -402 183 0
31 R 0 -430 272 0
32 R 0 -27 209 0
33 R 0 -66 0
34 R 0 -71 0
35 R 0 -67 221 0
36 R 0 -273 0
37 R 0 -346 0
38 R 0 -117 281 0
39 R 0 -82 309 0
40 R 0 -98 348 0
41 R 0 -257 392 0
42 R 0 -315 318 0
43 R 0 -127 242 0
44 R 0 -433 290 0
45 R 0 -461 291 0
46 R 0 -490 414 0
47 R 0 340 0
48 R 0 374 0
49 R 0 387 0
50 R 0 427 0
51 R 0 429 0
52 R 0 439 0
53 R 0 455 0
54 R 0 470 0
55 R 0 483 0

DAY = 5
NUMBER_OF_VEHICLES = 53
1 R 0 -11 0
2 R 0 -190 248 0
3 R 0 -121 31 0
4 R 0 -101 8 0
5 R 0 -229 9 0
6 R 0 -253 84 0
7 R 0 -263 87 0
8 R 0 -408 260 0
9 R 0 -460 178 0
10 R 0 -485 10 0
11 R 0 -496 293 0
12 R 0 -48 152 0
13 R 0 -23 329 0
14 R 0 -57 197 0
15 R 0 -28 356 0
16 R 0 -65 386 0
17 R 0 -202 171 0
18 R 0 -108 418 0
19 R 0 -114 477 0
20 R 0 -100 79 0
21 R 0 -195 214 0
22 R 0 -277 0
23 R 0 -106 95 0
24 R 0 -469 231 0
25 R 0 -146 126 0
26 R 0 -211 154 0
27 R 0 -234 156 0
28 R 0 -286 0
29 R 0 -326 162 0
30 R 0 -366 0
31 R 0 -380 254 0
32 R 0 -411 269 0
33 R 0 -487 0
34 R 0 -24 0
35 R 0 -49 0
36 R 0 -139 227 0
37 R 0 -301 230 0
38 R 0 -164 282 0
39 R 0 -183 261 0
40 R 0 -281 0
41 R 0 -309 403 0
42 R 0 -291 297 0
43 R 0 -414 488 0
44 R 0 -455 0
45 R 0 251 0
46 R 0 289 0
47 R 0 337 0
48 R 0 341 0
49 R 0 353 0
50 R 0 355 0
51 R 0 393 0
52 R 0 422 0
53 R 0 475 0

DAY = 6
NUMBER_OF_VEHICLES = 58
1 R 0 -14 37 0
2 R 0 -61 137 0
3 R 0 -78 143 0
4 R 0 -94 145 0
5 R 0 -112 170 0
6 R 0 -212 226 0
7 R 0 -124 196 0
8 R 0 -362 0
9 R 0 -434 240 0
10 R 0 -236 0
11 R 0 -192 44 0
12 R 0 -321 246 0
13 R 0 -370 0
14 R 0 -400 310 0
15 R 0 -447 85 0
16 R 0 -466 191 0
17 R 0 -481 199 0
18 R 0 -498 6 0
19 R 0 -12 319 0
20 R 0 -188 363 0
21 R 0 -43 252 0
22 R 0 -22 26 0
23 R 0 -111 287 0
24 R 0 -361 0
25 R 0 -368 308 0
26 R 0 -464 322 0
27 R 0 -168 30 0
28 R 0 -209 0
29 R 0 -221 325 0
30 R 0 -318 395 0
31 R 0 -242 327 0
32 R 0 -290 0
33 R 0 -427 76 0
34 R 0 -429 419 0
35 R 0 -439 80 0
36 R 0 -483 0
37 R 0 -31 399 0
38 R 0 -84 105 0
39 R 0 -178 118 0
40 R 0 -10 331 0
41 R 0 -356 0
42 R 0 -477 0
43 R 0 -214 134 0
44 R 0 -154 416 0
45 R 0 -261 166 0
46 R 0 -297 472 0
47 R 0 -353 0
48 R 0 187 0
49 R 0 224 0
50 R 0 255 0
51 R 0 274 0
52 R 0 358 0
53 R 0 360 0
54 R 0 371 0
55 R 0 426 0
56 R 0 449 0
57 R 0 450 0
58 R 0 467 0

DAY = 7
NUMBER_OF_VEHICLES = 48
1 R 0 -40 60 0
2 R 0 -198 69 0
3 R 0 -217 77 0
4 R 0 -75 131 0
5 R 0 -20 2 0
6 R 0 -35 46 0
7 R 0 -491 109 0
8 R 0 -500 119 0
9 R 0 -272 55 0
10 R 0 -348 91 0
11 R 0 -392 151 0
12 R 0 -340 142 0
13 R 0 -374 96 0
14 R 0 -387 144 0
15 R 0 -470 292 0
16 R 0 -8 160 0
17 R 0 -260 0
18 R 0 -293 147 0
19 R 0 -152 128 0
20 R 0 -386 149 0
21 R 0 -126 323 0
22 R 0 -162 0
23 R 0 -254 350 0
24 R 0 -227 0
25 R 0 -282 0
26 R 0 -403 243 0
27 R 0 -488 432 0
28 R 0 -355 421 0
29 R 0 -422 135 0
30 R 0 -475 0
31 R 0 -143 245 0
32 R 0 -170 173 0
33 R 0 -196 324 0
34 R 0 -44 443 0
35 R 0 -85 473 0
36 R 0 -419 330 0
37 R 0 -80 480 0
38 R 0 -134 0
39 R 0 -255 0
40 R 0 -467 179 0
41 R 0 189 0
42 R 0 294 0
43 R 0 305 0
44 R 0 306 0
45 R 0 345 0
46 R 0 349 0
47 R 0 354 0
48 R 0 457 0

DAY = 8
NUMBER_OF_VEHICLES = 56
1 R 0 -248 21 0
2 R 0 -9 90 0
3 R 0 -87 88 0
4 R 0 -329 36 0
5 R 0 -197 113 0
6 R 0 -171 394 0
7 R 0 -418 136 0
8 R 0 -79 1 0
9 R 0 -95 58 0
10 R 0 -231 129 0
11 R 0 -156 73 0
12 R 0 -269 207 0
13 R 0 -230 420 0
14 R 0 -251 428 0
15 R 0 -289 435 0
16 R 0 -337 0
17 R 0 -341 222 0
18 R 0 -393 493 0
19 R 0 -137 0
20 R 0 -145 140 0
21 R 0 -226 0
22 R 0 -246 219 0
23 R 0 -191 369 0
24 R 0 -199 462 0
25 R 0 -287 468 0
26 R 0 -308 0
27 R 0 -322 0
28 R 0 -325 0
29 R 0 -118 201 0
30 R 0 -331 0
31 R 0 -416 0
32 R 0 -166 216 0
33 R 0 -187 0
34 R 0 -358 218 0
35 R 0 -360 0
36 R 0 -426 237 0
37 R 0 -60 239 0
38 R 0 -69 0
39 R 0 -55 304 0
40 R 0 -144 0
41 R 0 -147 311 0
42 R 0 -128 0
43 R 0 -324 0
44 R 0 -443 0
45 R 0 -189 0
46 R 0 -305 0
47 R 0 -306 0
48 R 0 -345 0
49 R 0 336 0
50 R 0 385 0
51 R 0 388 0
52 R 0 410 0
53 R 0 417 0
54 R 0 451 0
55 R 0 453 0
56 R 0 476 0

DAY = 9
NUMBER_OF_VEHICLES = 55
1 R 0 -37 54 0
2 R 0 -240 312 0
3 R 0 -310 0
4 R 0 -6 5 0
5 R 0 -319 132 0
6 R 0 -363 184 0
7 R 0 -252 59 0
8 R 0 -26 33 0
9 R 0 -30 50 0
10 R 0 -395 200 0
11 R 0 -327 175 0
12 R 0 -76 83 0
13 R 0 -399 0
14 R 0 -105 0
15 R 0 -472 266 0
16 R 0 -224 169 0
17 R 0 -274 181 0
18 R 0 -371 373 0
19 R 0 -449 205 0
20 R 0 -450 220 0
21 R 0 -77 442 0
22 R 0 -119 492 0
23 R 0 -151 332 0
24 R 0 -96 271 0
25 R 0 -292 303 0
26 R 0 -149 264 0
27 R 0 -243 333 0
28 R 0 -432 338 0
29 R 0 -421 364 0
30 R 0 -245 275 0
31 R 0 -173 0
32 R 0 -473 382 0
33 R 0 -294 0
34 R 0 -349 0
35 R 0 -354 0
36 R 0 -457 300 0
37 R 0 -90 0
38 R 0 -88 0
39 R 0 -1 391 0
40 R 0 -207 401 0
41 R 0 -420 0
42 R 0 -493 0
43 R 0 -468 478 0
44 R 0 -218 0
45 R 0 -237 359 0
46 R 0 -388 377 0
47 R 0 -451 367 0
48 R 0 -476 383 0
49 R 0 375 0
50 R 0 406 0
51 R 0 409 0
52 R 0 437 0
53 R 0 448 0
54 R 0 471 0
55 R 0 499 0

DAY = 10
NUMBER_OF_VEHICLES = 57
1 R 0 -131 0
2 R 0 -2 64 0
3 R 0 -46 133 0
4 R 0 -109 16 0
5 R 0 -91 138 0
6 R 0 -142 0
7 R 0 -160 153 0
8 R 0 -323 45 0
9 R 0 -350 63 0
10 R 0 -135 34 0
11 R 0 -330 0
12 R 0 -480 159 0
13 R 0 -179 42 0
14 R 0 -36 0
15 R 0 -58 125 0
16 R 0 -73 167 0
17 R 0 -428 47 0
18 R 0 -140 0
19 R 0 -219 0
20 R 0 -369 194 0
21 R 0 -462 228 0
22 R 0 -385 182 0
23 R 0 -5 288 0
24 R 0 -184 0
25 R 0 -59 268 0
26 R 0 -83 0
27 R 0 -205 296 0
28 R 0 -271 440 0
29 R 0 -264 0
30 R 0 -364 446 0
31 R 0 -275 25 0
32 R 0 -375 104 0
33 R 0 -406 235 0
34 R 0 -437 238 0
35 R 0 -448 317 0
36 R 0 -471 320 0
37 R 0 56 0
38 R 0 103 0
39 R 0 141 0
40 R 0 161 0
41 R 0 208 0
42 R 0 210 0
43 R 0 232 0
44 R 0 241 0
45 R 0 258 0
46 R 0 265 0
47 R 0 299 0
48 R 0 307 0
49 R 0 314 0
50 R 0 328 0
51 R 0 334 0
52 R 0 347 0
53 R 0 431 0
54 R 0 438 0
55 R 0 444 0
56 R 0 486 0
57 R 0 497 0

DAY = 11
NUMBER_OF_VEHICLES = 52
1 R 0 -21 53 0
2 R 0 -113 4 0
3 R 0 -394 19 0
4 R 0 -136 93 0
5 R 0 -129 15 0
6 R 0 -435 52 0
7 R 0 -222 99 0
8 R 0 -201 29 0
9 R 0 -216 68 0
10 R 0 -239 155 0
11 R 0 -304 157 0
12 R 0 -311 250 0
13 R 0 -336 0
14 R 0 -410 163 0
15 R 0 -417 389 0
16 R 0 -453 405 0
17 R 0 -33 186 0
18 R 0 -50 270 0
19 R 0 -181 379 0
20 R 0 -373 116 0
21 R 0 -220 390 0
22 R 0 -332 0
23 R 0 -338 0
24 R 0 -300 425 0
25 R 0 -391 107 0
26 R 0 -478 172 0
27 R 0 -359 0
28 R 0 -383 0
29 R 0 -409 0
30 R 0 -64 0
31 R 0 -16 150 0
32 R 0 -34 177 0
33 R 0 -167 284 0
34 R 0 -268 415 0
35 R 0 -296 0
36 R 0 -235 445 0
37 R 0 -238 0
38 R 0 -317 0
39 R 0 -320 0
40 R 0 -141 203 0
41 R 0 -241 204 0
42 R 0 -258 0
43 R 0 -299 0
44 R 0 -307 0
45 R 0 -314 0
46 R 0 -334 0
47 R 0 -431 335 0
48 R 0 -438 0
49 R 0 352 0
50 R 0 397 0
51 R 0 463 0
52 R 0 479 0

DAY = 12
NUMBER_OF_VEHICLES = 43
1 R 0 -54 262 0
2 R 0 -312 372 0
3 R 0 -132 0
4 R 0 -200 0
5 R 0 -175 32 0
6 R 0 -266 102 0
7 R 0 -169 0
8 R 0 -442 0
9 R 0 -492 0
10 R 0 -303 482 0
11 R 0 -333 0
12 R 0 -382 0
13 R 0 -401 0
14 R 0 -377 376 0
15 R 0 -367 0
16 R 0 -499 0
17 R 0 -133 0
18 R 0 -153 0
19 R 0 -45 0
20 R 0 -125 0
21 R 0 -194 0
22 R 0 -182 0
23 R 0 -446 0
24 R 0 -25 0
25 R 0 -56 0
26 R 0 -103 0
27 R 0 -210 0
28 R 0 -232 0
29 R 0 -265 0
30 R 0 -347 0
31 R 0 -486 0
32 R 0 -53 0
33 R 0 -4 0
34 R 0 -52 0
35 R 0 -29 0
36 R 0 -155 0
37 R 0 -250 0
38 R 0 -389 0
39 R 0 -172 0
40 R 0 -150 0
41 R 0 -177 0
42 R 0 -335 0
43 R 0 -352 0

DAY = 13
NUMBER_OF_VEHICLES = 33
1 R 0 -138 0
2 R 0 -63 122 0
3 R 0 -159 0
4 R 0 -42 233 0
5 R 0 -47 0
6 R 0 -228 0
7 R 0 -288 0
8 R 0 -440 0
9 R 0 -104 0
10 R 0 -161 0
11 R 0 -208 0
12 R 0 -328 0
13 R 0 -444 0
14 R 0 -497 0
15 R 0 -19 0
16 R 0 -93 0
17 R 0 -99 0
18 R 0 -68 0
19 R 0 -157 0
20 R 0 -163 0
21 R 0 -270 0
22 R 0 -390 0
23 R 0 -425 0
24 R 0 -107 0
25 R 0 -415 0
26 R 0 -204 0
27 R 0 -397 0
28 R 0 -463 0
29 R 0 -479 0
30 R 0 -262 0
31 R 0 -372 0
32 R 0 -32 0
33 R 0 -376 0

DAY = 14
NUMBER_OF_VEHICLES = 12
1 R 0 -15 0
2 R 0 -405 0
3 R 0 -186 0
4 R 0 -379 0
5 R 0 -116 0
6 R 0 -284 0
7 R 0 -445 0
8 R 0 -203 0
9 R 0 -102 0
10 R 0 -482 0
11 R 0 -122 0
12 R 0 -233 0

