DATASET = All time best instance set VeRoLog competition
NAME = tools over vehicle days over vehicles over distance with 1000 requests over 30 days

DAY = 1
NUMBER_OF_VEHICLES = 37
1 R 0 8 0
2 R 0 18 0
3 R 0 23 0
4 R 0 70 0
5 R 0 101 0
6 R 0 143 0
7 R 0 152 0
8 R 0 177 0
9 R 0 187 0
10 R 0 216 0
11 R 0 249 0
12 R 0 255 0
13 R 0 266 0
14 R 0 289 0
15 R 0 320 0
16 R 0 380 0
17 R 0 396 0
18 R 0 442 0
19 R 0 451 0
20 R 0 495 0
21 R 0 499 0
22 R 0 536 0
23 R 0 567 0
24 R 0 573 0
25 R 0 632 0
26 R 0 669 0
27 R 0 697 0
28 R 0 702 0
29 R 0 706 0
30 R 0 710 0
31 R 0 723 0
32 R 0 756 0
33 R 0 842 0
34 R 0 846 0
35 R 0 941 0
36 R 0 968 0
37 R 0 974 0

DAY = 2
NUMBER_OF_VEHICLES = 34
1 R 0 -18 0
2 R 0 -143 164 0
3 R 0 -152 103 0
4 R 0 -187 35 0
5 R 0 -396 168 0
6 R 0 -723 212 0
7 R 0 -846 186 0
8 R 0 -968 183 0
9 R 0 299 0
10 R 0 307 0
11 R 0 308 0
12 R 0 314 0
13 R 0 325 0
14 R 0 386 0
15 R 0 436 0
16 R 0 454 0
17 R 0 476 0
18 R 0 478 0
19 R 0 481 0
20 R 0 502 0
21 R 0 510 0
22 R 0 551 0
23 R 0 555 0
24 R 0 663 0
25 R 0 771 0
26 R 0 796 0
27 R 0 838 0
28 R 0 854 0
29 R 0 866 0
30 R 0 912 0
31 R 0 917 0
32 R 0 926 0
33 R 0 939 0
34 R 0 948 0

DAY = 3
NUMBER_OF_VEHICLES = 43
1 R 0 -8 81 0
2 R 0 -23 13 0
3 R 0 -70 149 0
4 R 0 -177 153 0
5 R 0 -289 292 0
6 R 0 -442 229 0
7 R 0 -495 45 0
8 R 0 -536 392 0
9 R 0 -573 297 0
10 R 0 -710 315 0
11 R 0 -756 86 0
12 R 0 -164 409 0
13 R 0 -103 222 0
14 R 0 -35 546 0
15 R 0 -168 624 0
16 R 0 -186 0
17 R 0 -314 0
18 R 0 -436 636 0
19 R 0 -510 280 0
20 R 0 -771 490 0
21 R 0 -866 334 0
22 R 0 -912 568 0
23 R 0 -917 477 0
24 R 0 -948 0
25 R 0 354 0
26 R 0 484 0
27 R 0 507 0
28 R 0 571 0
29 R 0 596 0
30 R 0 618 0
31 R 0 625 0
32 R 0 647 0
33 R 0 657 0
34 R 0 665 0
35 R 0 681 0
36 R 0 712 0
37 R 0 713 0
38 R 0 826 0
39 R 0 874 0
40 R 0 904 0
41 R 0 932 0
42 R 0 972 0
43 R 0 987 0

DAY = 4
NUMBER_OF_VEHICLES = 36
1 R 0 -101 120 0
2 R 0 -216 53 0
3 R 0 -249 104 0
4 R 0 -255 242 0
5 R 0 -266 460 0
6 R 0 -320 422 0
7 R 0 -380 256 0
8 R 0 -451 378 0
9 R 0 -499 541 0
10 R 0 -567 452 0
11 R 0 -632 599 0
12 R 0 -669 692 0
13 R 0 -697 542 0
14 R 0 -702 645 0
15 R 0 -706 563 0
16 R 0 -842 728 0
17 R 0 -941 0
18 R 0 -974 672 0
19 R 0 -386 135 0
20 R 0 -476 161 0
21 R 0 -551 217 0
22 R 0 -854 868 0
23 R 0 -81 938 0
24 R 0 -292 295 0
25 R 0 -297 406 0
26 R 0 -409 695 0
27 R 0 -490 0
28 R 0 -484 508 0
29 R 0 -571 0
30 R 0 -625 831 0
31 R 0 -657 836 0
32 R 0 -713 908 0
33 R 0 -874 933 0
34 R 0 -904 0
35 R 0 -972 0
36 R 0 949 0

DAY = 5
NUMBER_OF_VEHICLES = 52
1 R 0 -212 7 0
2 R 0 -183 82 0
3 R 0 -299 31 0
4 R 0 -307 166 0
5 R 0 -308 122 0
6 R 0 -325 36 0
7 R 0 -454 132 0
8 R 0 -478 0
9 R 0 -481 173 0
10 R 0 -502 50 0
11 R 0 -555 361 0
12 R 0 -663 178 0
13 R 0 -796 608 0
14 R 0 -838 760 0
15 R 0 -926 757 0
16 R 0 -939 807 0
17 R 0 -149 873 0
18 R 0 -315 888 0
19 R 0 -86 59 0
20 R 0 -546 0
21 R 0 -624 0
22 R 0 -568 205 0
23 R 0 -354 206 0
24 R 0 -596 0
25 R 0 -647 214 0
26 R 0 -681 0
27 R 0 -712 0
28 R 0 -932 0
29 R 0 -987 0
30 R 0 -120 324 0
31 R 0 -242 371 0
32 R 0 -460 446 0
33 R 0 -422 0
34 R 0 -541 0
35 R 0 -452 362 0
36 R 0 -542 384 0
37 R 0 -135 0
38 R 0 -217 0
39 R 0 -938 0
40 R 0 -508 0
41 R 0 -831 486 0
42 R 0 -949 0
43 R 0 527 0
44 R 0 529 0
45 R 0 547 0
46 R 0 589 0
47 R 0 752 0
48 R 0 853 0
49 R 0 860 0
50 R 0 883 0
51 R 0 961 0
52 R 0 976 0

DAY = 6
NUMBER_OF_VEHICLES = 49
1 R 0 -13 0
2 R 0 -153 136 0
3 R 0 -229 200 0
4 R 0 -45 12 0
5 R 0 -392 458 0
6 R 0 -222 163 0
7 R 0 -636 16 0
8 R 0 -280 0
9 R 0 -334 0
10 R 0 -477 0
11 R 0 -507 193 0
12 R 0 -618 0
13 R 0 -665 0
14 R 0 -826 832 0
15 R 0 -104 899 0
16 R 0 -256 607 0
17 R 0 -378 733 0
18 R 0 -645 24 0
19 R 0 -295 332 0
20 R 0 -695 857 0
21 R 0 -122 895 0
22 R 0 -173 993 0
23 R 0 -888 137 0
24 R 0 -59 985 0
25 R 0 -362 0
26 R 0 -527 0
27 R 0 -752 0
28 R 0 -853 0
29 R 0 250 0
30 R 0 415 0
31 R 0 438 0
32 R 0 473 0
33 R 0 534 0
34 R 0 544 0
35 R 0 603 0
36 R 0 614 0
37 R 0 638 0
38 R 0 644 0
39 R 0 654 0
40 R 0 673 0
41 R 0 674 0
42 R 0 724 0
43 R 0 742 0
44 R 0 774 0
45 R 0 804 0
46 R 0 811 0
47 R 0 871 0
48 R 0 885 0
49 R 0 991 0

DAY = 7
NUMBER_OF_VEHICLES = 45
1 R 0 -53 46 0
2 R 0 -599 279 0
3 R 0 -692 348 0
4 R 0 -563 437 0
5 R 0 -728 373 0
6 R 0 -672 582 0
7 R 0 -161 345 0
8 R 0 -868 376 0
9 R 0 -406 385 0
10 R 0 -836 449 0
11 R 0 -908 591 0
12 R 0 -933 600 0
13 R 0 -7 0
14 R 0 -36 602 0
15 R 0 -178 180 0
16 R 0 -760 818 0
17 R 0 -757 198 0
18 R 0 -873 0
19 R 0 -384 583 0
20 R 0 -529 0
21 R 0 -547 560 0
22 R 0 -458 693 0
23 R 0 -16 268 0
24 R 0 -193 745 0
25 R 0 -832 770 0
26 R 0 -332 0
27 R 0 -857 741 0
28 R 0 -993 823 0
29 R 0 -438 287 0
30 R 0 -534 0
31 R 0 -544 0
32 R 0 -603 0
33 R 0 -638 0
34 R 0 -742 347 0
35 R 0 -811 0
36 R 0 359 0
37 R 0 425 0
38 R 0 569 0
39 R 0 732 0
40 R 0 801 0
41 R 0 859 0
42 R 0 872 0
43 R 0 940 0
44 R 0 956 0
45 R 0 984 0

DAY = 8
NUMBER_OF_VEHICLES = 47
1 R 0 -82 93 0
2 R 0 -31 38 0
3 R 0 -166 174 0
4 R 0 -132 285 0
5 R 0 -50 142 0
6 R 0 -361 0
7 R 0 -608 210 0
8 R 0 -807 233 0
9 R 0 -205 0
10 R 0 -206 277 0
11 R 0 -214 350 0
12 R 0 -324 375 0
13 R 0 -371 0
14 R 0 -446 496 0
15 R 0 -486 517 0
16 R 0 -589 520 0
17 R 0 -860 606 0
18 R 0 -883 754 0
19 R 0 -961 837 0
20 R 0 -976 586 0
21 R 0 -899 952 0
22 R 0 -733 0
23 R 0 -985 0
24 R 0 -250 246 0
25 R 0 -473 116 0
26 R 0 -673 272 0
27 R 0 -674 273 0
28 R 0 -724 278 0
29 R 0 -774 443 0
30 R 0 -804 300 0
31 R 0 -871 455 0
32 R 0 -991 621 0
33 R 0 -46 532 0
34 R 0 -279 0
35 R 0 -348 0
36 R 0 -582 0
37 R 0 -268 698 0
38 R 0 -770 0
39 R 0 -569 841 0
40 R 0 -872 776 0
41 R 0 -940 881 0
42 R 0 668 0
43 R 0 730 0
44 R 0 746 0
45 R 0 862 0
46 R 0 876 0
47 R 0 958 0

DAY = 9
NUMBER_OF_VEHICLES = 54
1 R 0 -136 32 0
2 R 0 -200 176 0
3 R 0 -12 0
4 R 0 -163 390 0
5 R 0 -607 207 0
6 R 0 -24 194 0
7 R 0 -895 356 0
8 R 0 -137 368 0
9 R 0 -415 411 0
10 R 0 -614 68 0
11 R 0 -644 592 0
12 R 0 -654 106 0
13 R 0 -885 107 0
14 R 0 -437 412 0
15 R 0 -373 462 0
16 R 0 -591 109 0
17 R 0 -600 0
18 R 0 -818 264 0
19 R 0 -198 679 0
20 R 0 -560 525 0
21 R 0 -693 413 0
22 R 0 -745 578 0
23 R 0 -823 489 0
24 R 0 -287 731 0
25 R 0 -732 766 0
26 R 0 -956 954 0
27 R 0 -285 516 0
28 R 0 -210 964 0
29 R 0 -233 0
30 R 0 -277 667 0
31 R 0 -606 680 0
32 R 0 -754 696 0
33 R 0 -272 403 0
34 R 0 -443 420 0
35 R 0 -300 0
36 R 0 -621 0
37 R 0 -698 0
38 R 0 -862 0
39 R 0 -876 0
40 R 0 554 0
41 R 0 561 0
42 R 0 639 0
43 R 0 666 0
44 R 0 703 0
45 R 0 727 0
46 R 0 809 0
47 R 0 812 0
48 R 0 816 0
49 R 0 825 0
50 R 0 880 0
51 R 0 887 0
52 R 0 935 0
53 R 0 955 0
54 R 0 970 0

DAY = 10
NUMBER_OF_VEHICLES = 57
1 R 0 -345 87 0
2 R 0 -376 96 0
3 R 0 -385 397 0
4 R 0 -449 405 0
5 R 0 -602 0
6 R 0 -180 65 0
7 R 0 -583 89 0
8 R 0 -741 159 0
9 R 0 -347 126 0
10 R 0 -359 243 0
11 R 0 -425 291 0
12 R 0 -801 112 0
13 R 0 -859 367 0
14 R 0 -984 340 0
15 R 0 -93 417 0
16 R 0 -174 423 0
17 R 0 -142 195 0
18 R 0 -375 424 0
19 R 0 -517 514 0
20 R 0 -520 281 0
21 R 0 -837 445 0
22 R 0 -246 512 0
23 R 0 -116 0
24 R 0 -273 601 0
25 R 0 -455 800 0
26 R 0 -532 418 0
27 R 0 -776 576 0
28 R 0 -881 595 0
29 R 0 -730 684 0
30 R 0 -958 848 0
31 R 0 -176 612 0
32 R 0 -368 879 0
33 R 0 -592 891 0
34 R 0 -107 715 0
35 R 0 -412 616 0
36 R 0 -109 761 0
37 R 0 -696 447 0
38 R 0 -639 0
39 R 0 -666 785 0
40 R 0 -812 626 0
41 R 0 -825 907 0
42 R 0 -955 640 0
43 R 0 -970 463 0
44 R 0 467 0
45 R 0 491 0
46 R 0 509 0
47 R 0 526 0
48 R 0 597 0
49 R 0 653 0
50 R 0 682 0
51 R 0 704 0
52 R 0 799 0
53 R 0 834 0
54 R 0 851 0
55 R 0 936 0
56 R 0 965 0
57 R 0 966 0

DAY = 11
NUMBER_OF_VEHICLES = 54
1 R 0 -38 10 0
2 R 0 -350 52 0
3 R 0 -496 19 0
4 R 0 -586 0
5 R 0 -952 215 0
6 R 0 -278 469 0
7 R 0 -841 3 0
8 R 0 -668 485 0
9 R 0 -746 726 0
10 R 0 -390 464 0
11 R 0 -207 0
12 R 0 -356 0
13 R 0 -68 822 0
14 R 0 -106 994 0
15 R 0 -462 575 0
16 R 0 -413 0
17 R 0 -489 286 0
18 R 0 -766 28 0
19 R 0 -954 33 0
20 R 0 -964 43 0
21 R 0 -667 629 0
22 R 0 -680 660 0
23 R 0 -420 0
24 R 0 -703 729 0
25 R 0 -727 789 0
26 R 0 -809 0
27 R 0 -880 0
28 R 0 -89 400 0
29 R 0 -159 610 0
30 R 0 -417 51 0
31 R 0 -423 119 0
32 R 0 -195 943 0
33 R 0 -514 711 0
34 R 0 -445 0
35 R 0 -684 0
36 R 0 -907 0
37 R 0 -491 0
38 R 0 -509 0
39 R 0 -704 852 0
40 R 0 -966 897 0
41 R 0 145 0
42 R 0 305 0
43 R 0 335 0
44 R 0 357 0
45 R 0 370 0
46 R 0 550 0
47 R 0 677 0
48 R 0 735 0
49 R 0 739 0
50 R 0 753 0
51 R 0 815 0
52 R 0 830 0
53 R 0 863 0
54 R 0 951 0

DAY = 12
NUMBER_OF_VEHICLES = 44
1 R 0 -32 92 0
2 R 0 -194 202 0
3 R 0 -411 492 0
4 R 0 -264 6 0
5 R 0 -679 504 0
6 R 0 -525 30 0
7 R 0 -578 42 0
8 R 0 -731 0
9 R 0 -516 138 0
10 R 0 -403 49 0
11 R 0 -554 232 0
12 R 0 -561 228 0
13 R 0 -816 201 0
14 R 0 -887 431 0
15 R 0 -935 535 0
16 R 0 -397 646 0
17 R 0 -405 759 0
18 R 0 -65 0
19 R 0 -243 643 0
20 R 0 -291 658 0
21 R 0 -112 0
22 R 0 -281 456 0
23 R 0 -512 690 0
24 R 0 -576 351 0
25 R 0 -616 890 0
26 R 0 -447 479 0
27 R 0 -640 983 0
28 R 0 -467 498 0
29 R 0 -526 749 0
30 R 0 -597 922 0
31 R 0 -682 996 0
32 R 0 -851 0
33 R 0 -936 963 0
34 R 0 -965 0
35 R 0 -10 0
36 R 0 -52 0
37 R 0 -575 0
38 R 0 -660 0
39 R 0 -711 0
40 R 0 -335 0
41 R 0 -370 0
42 R 0 -550 0
43 R 0 -739 0
44 R 0 -863 0

DAY = 13
NUMBER_OF_VEHICLES = 58
1 R 0 -87 322 0
2 R 0 -96 21 0
3 R 0 -126 0
4 R 0 -367 9 0
5 R 0 -340 99 0
6 R 0 -424 139 0
7 R 0 -601 293 0
8 R 0 -800 426 0
9 R 0 -418 523 0
10 R 0 -595 298 0
11 R 0 -848 518 0
12 R 0 -612 330 0
13 R 0 -879 553 0
14 R 0 -891 651 0
15 R 0 -715 540 0
16 R 0 -761 620 0
17 R 0 -785 687 0
18 R 0 -626 341 0
19 R 0 -463 27 0
20 R 0 -653 363 0
21 R 0 -799 0
22 R 0 -834 69 0
23 R 0 -469 864 0
24 R 0 -822 947 0
25 R 0 -994 979 0
26 R 0 -28 671 0
27 R 0 -629 140 0
28 R 0 -789 0
29 R 0 -610 0
30 R 0 -943 147 0
31 R 0 -897 750 0
32 R 0 -145 747 0
33 R 0 -357 803 0
34 R 0 -815 0
35 R 0 -202 850 0
36 R 0 -201 309 0
37 R 0 -431 0
38 R 0 -646 0
39 R 0 -658 901 0
40 R 0 -456 343 0
41 R 0 -690 910 0
42 R 0 -351 798 0
43 R 0 -479 352 0
44 R 0 -749 524 0
45 R 0 -922 564 0
46 R 0 594 0
47 R 0 714 0
48 R 0 744 0
49 R 0 794 0
50 R 0 808 0
51 R 0 813 0
52 R 0 820 0
53 R 0 843 0
54 R 0 849 0
55 R 0 867 0
56 R 0 923 0
57 R 0 969 0
58 R 0 995 0

DAY = 14
NUMBER_OF_VEHICLES = 41
1 R 0 -19 62 0
2 R 0 -215 946 0
3 R 0 -3 79 0
4 R 0 -485 154 0
5 R 0 -726 0
6 R 0 -464 0
7 R 0 -286 66 0
8 R 0 -33 189 0
9 R 0 -43 301 0
10 R 0 -729 0
11 R 0 -400 77 0
12 R 0 -51 333 0
13 R 0 -119 393 0
14 R 0 -852 265 0
15 R 0 -305 410 0
16 R 0 -677 0
17 R 0 -735 0
18 R 0 -753 0
19 R 0 -830 0
20 R 0 -951 0
21 R 0 -92 401 0
22 R 0 -6 296 0
23 R 0 -49 383 0
24 R 0 -228 652 0
25 R 0 -535 855 0
26 R 0 -643 0
27 R 0 -21 0
28 R 0 -9 470 0
29 R 0 -139 635 0
30 R 0 -426 0
31 R 0 -518 0
32 R 0 -330 655 0
33 R 0 -27 0
34 R 0 -864 1000 0
35 R 0 -671 0
36 R 0 -747 0
37 R 0 -803 0
38 R 0 -910 0
39 R 0 -714 0
40 R 0 -813 858 0
41 R 0 -969 0

DAY = 15
NUMBER_OF_VEHICLES = 47
1 R 0 -492 1 0
2 R 0 -504 11 0
3 R 0 -30 58 0
4 R 0 -42 182 0
5 R 0 -138 95 0
6 R 0 -232 133 0
7 R 0 -759 282 0
8 R 0 -890 275 0
9 R 0 -983 609 0
10 R 0 -498 190 0
11 R 0 -996 619 0
12 R 0 -963 399 0
13 R 0 -322 419 0
14 R 0 -293 22 0
15 R 0 -523 764 0
16 R 0 -620 790 0
17 R 0 -341 649 0
18 R 0 -363 775 0
19 R 0 -947 893 0
20 R 0 -979 0
21 R 0 -850 44 0
22 R 0 -309 257 0
23 R 0 -798 845 0
24 R 0 -352 290 0
25 R 0 -744 387 0
26 R 0 -794 829 0
27 R 0 -843 909 0
28 R 0 -923 0
29 R 0 -995 0
30 R 0 -154 0
31 R 0 -66 0
32 R 0 -301 47 0
33 R 0 -855 0
34 R 0 -470 0
35 R 0 -858 0
36 R 0 113 0
37 R 0 323 0
38 R 0 358 0
39 R 0 414 0
40 R 0 448 0
41 R 0 482 0
42 R 0 530 0
43 R 0 685 0
44 R 0 738 0
45 R 0 758 0
46 R 0 896 0
47 R 0 928 0

DAY = 16
NUMBER_OF_VEHICLES = 36
1 R 0 -99 0
2 R 0 -298 208 0
3 R 0 -553 105 0
4 R 0 -651 123 0
5 R 0 -540 29 0
6 R 0 -687 312 0
7 R 0 -69 25 0
8 R 0 -140 0
9 R 0 -147 26 0
10 R 0 -750 0
11 R 0 -901 181 0
12 R 0 -343 146 0
13 R 0 -524 365 0
14 R 0 -564 421 0
15 R 0 -594 689 0
16 R 0 -808 0
17 R 0 -820 0
18 R 0 -849 225 0
19 R 0 -867 748 0
20 R 0 -265 736 0
21 R 0 -401 931 0
22 R 0 -296 439 0
23 R 0 -652 0
24 R 0 -655 0
25 R 0 -1 248 0
26 R 0 -11 283 0
27 R 0 -22 288 0
28 R 0 -290 950 0
29 R 0 -113 577 0
30 R 0 -323 678 0
31 R 0 -482 708 0
32 R 0 -738 915 0
33 R 0 -928 929 0
34 R 0 959 0
35 R 0 982 0
36 R 0 999 0

DAY = 17
NUMBER_OF_VEHICLES = 49
1 R 0 -62 37 0
2 R 0 -946 118 0
3 R 0 -79 0
4 R 0 -189 14 0
5 R 0 -77 465 0
6 R 0 -333 57 0
7 R 0 -393 125 0
8 R 0 -410 261 0
9 R 0 -383 76 0
10 R 0 -635 538 0
11 R 0 -1000 231 0
12 R 0 -58 204 0
13 R 0 -182 339 0
14 R 0 -95 587 0
15 R 0 -133 622 0
16 R 0 -609 623 0
17 R 0 -619 755 0
18 R 0 -775 767 0
19 R 0 -893 284 0
20 R 0 -44 326 0
21 R 0 -845 962 0
22 R 0 -387 369 0
23 R 0 -909 0
24 R 0 -358 558 0
25 R 0 -448 0
26 R 0 -530 0
27 R 0 -758 0
28 R 0 -208 0
29 R 0 -312 374 0
30 R 0 -26 429 0
31 R 0 -689 430 0
32 R 0 -931 0
33 R 0 -950 466 0
34 R 0 -577 0
35 R 0 -929 781 0
36 R 0 -999 501 0
37 R 0 565 0
38 R 0 642 0
39 R 0 659 0
40 R 0 688 0
41 R 0 765 0
42 R 0 793 0
43 R 0 814 0
44 R 0 839 0
45 R 0 861 0
46 R 0 870 0
47 R 0 884 0
48 R 0 902 0
49 R 0 981 0

DAY = 18
NUMBER_OF_VEHICLES = 46
1 R 0 -282 5 0
2 R 0 -275 56 0
3 R 0 -190 74 0
4 R 0 -399 41 0
5 R 0 -419 196 0
6 R 0 -764 244 0
7 R 0 -790 258 0
8 R 0 -649 160 0
9 R 0 -257 110 0
10 R 0 -829 271 0
11 R 0 -47 0
12 R 0 -414 64 0
13 R 0 -685 441 0
14 R 0 -896 461 0
15 R 0 -105 487 0
16 R 0 -123 580 0
17 R 0 -29 613 0
18 R 0 -25 0
19 R 0 -365 0
20 R 0 -421 377 0
21 R 0 -225 0
22 R 0 -736 450 0
23 R 0 -439 718 0
24 R 0 -283 604 0
25 R 0 -288 717 0
26 R 0 -678 817 0
27 R 0 -708 835 0
28 R 0 -982 562 0
29 R 0 -465 605 0
30 R 0 -538 719 0
31 R 0 -339 395 0
32 R 0 -622 810 0
33 R 0 -755 833 0
34 R 0 -767 942 0
35 R 0 -284 722 0
36 R 0 -369 522 0
37 R 0 -429 579 0
38 R 0 -466 598 0
39 R 0 -765 707 0
40 R 0 -793 957 0
41 R 0 -902 0
42 R 0 769 0
43 R 0 779 0
44 R 0 782 0
45 R 0 906 0
46 R 0 988 0

DAY = 19
NUMBER_OF_VEHICLES = 47
1 R 0 -181 67 0
2 R 0 -146 100 0
3 R 0 -748 167 0
4 R 0 -248 0
5 R 0 -915 372 0
6 R 0 -959 459 0
7 R 0 -125 474 0
8 R 0 -76 85 0
9 R 0 -231 0
10 R 0 -587 60 0
11 R 0 -326 531 0
12 R 0 -962 72 0
13 R 0 -558 574 0
14 R 0 -374 175 0
15 R 0 -430 221 0
16 R 0 -501 355 0
17 R 0 -565 236 0
18 R 0 -814 402 0
19 R 0 -981 827 0
20 R 0 -5 254 0
21 R 0 -196 0
22 R 0 -110 847 0
23 R 0 -613 267 0
24 R 0 -450 158 0
25 R 0 -817 927 0
26 R 0 -835 0
27 R 0 -562 192 0
28 R 0 -779 921 0
29 R 0 -988 691 0
30 R 0 294 0
31 R 0 304 0
32 R 0 319 0
33 R 0 337 0
34 R 0 513 0
35 R 0 721 0
36 R 0 725 0
37 R 0 737 0
38 R 0 819 0
39 R 0 878 0
40 R 0 903 0
41 R 0 924 0
42 R 0 934 0
43 R 0 945 0
44 R 0 967 0
45 R 0 973 0
46 R 0 989 0
47 R 0 990 0

DAY = 20
NUMBER_OF_VEHICLES = 45
1 R 0 -37 4 0
2 R 0 -118 40 0
3 R 0 -14 211 0
4 R 0 -57 321 0
5 R 0 -261 391 0
6 R 0 -204 213 0
7 R 0 -623 102 0
8 R 0 -781 0
9 R 0 -642 338 0
10 R 0 -659 15 0
11 R 0 -688 408 0
12 R 0 -839 416 0
13 R 0 -861 427 0
14 R 0 -870 98 0
15 R 0 -884 709 0
16 R 0 -41 170 0
17 R 0 -244 235 0
18 R 0 -271 751 0
19 R 0 -441 468 0
20 R 0 -580 0
21 R 0 -718 0
22 R 0 -717 0
23 R 0 -719 121 0
24 R 0 -810 156 0
25 R 0 -833 238 0
26 R 0 -522 865 0
27 R 0 -707 0
28 R 0 -782 0
29 R 0 -906 0
30 R 0 -372 0
31 R 0 -85 331 0
32 R 0 -175 0
33 R 0 -221 0
34 R 0 -355 0
35 R 0 -847 0
36 R 0 -267 944 0
37 R 0 -158 245 0
38 R 0 -927 0
39 R 0 -294 0
40 R 0 -337 0
41 R 0 -721 0
42 R 0 -878 381 0
43 R 0 398 0
44 R 0 570 0
45 R 0 911 0

DAY = 21
NUMBER_OF_VEHICLES = 53
1 R 0 -56 17 0
2 R 0 -74 97 0
3 R 0 -258 55 0
4 R 0 -160 151 0
5 R 0 -64 34 0
6 R 0 -461 203 0
7 R 0 -487 263 0
8 R 0 -377 572 0
9 R 0 -604 302 0
10 R 0 -605 171 0
11 R 0 -395 683 0
12 R 0 -942 184 0
13 R 0 -722 61 0
14 R 0 -579 686 0
15 R 0 -598 777 0
16 R 0 -957 63 0
17 R 0 -769 824 0
18 R 0 -474 318 0
19 R 0 -60 227 0
20 R 0 -531 0
21 R 0 -72 0
22 R 0 -574 328 0
23 R 0 -236 83 0
24 R 0 -402 998 0
25 R 0 -827 0
26 R 0 -192 521 0
27 R 0 -319 237 0
28 R 0 -513 252 0
29 R 0 -725 259 0
30 R 0 -737 661 0
31 R 0 -903 327 0
32 R 0 -945 0
33 R 0 -967 0
34 R 0 -973 0
35 R 0 -989 694 0
36 R 0 -4 0
37 R 0 -211 342 0
38 R 0 -321 971 0
39 R 0 -391 992 0
40 R 0 -338 0
41 R 0 -427 0
42 R 0 -98 457 0
43 R 0 -170 0
44 R 0 -751 0
45 R 0 -468 0
46 R 0 -121 844 0
47 R 0 -944 539 0
48 R 0 -245 898 0
49 R 0 -570 900 0
50 R 0 -911 0
51 R 0 786 0
52 R 0 975 0
53 R 0 986 0

DAY = 22
NUMBER_OF_VEHICLES = 47
1 R 0 -67 108 0
2 R 0 -100 260 0
3 R 0 -167 269 0
4 R 0 -459 141 0
5 R 0 -254 230 0
6 R 0 -921 493 0
7 R 0 -691 191 0
8 R 0 -304 276 0
9 R 0 -819 404 0
10 R 0 -924 543 0
11 R 0 -934 552 0
12 R 0 -990 218 0
13 R 0 -40 557 0
14 R 0 -213 559 0
15 R 0 -15 548 0
16 R 0 -408 675 0
17 R 0 -709 0
18 R 0 -865 0
19 R 0 -381 226 0
20 R 0 -398 488 0
21 R 0 -34 274 0
22 R 0 -203 366 0
23 R 0 -572 0
24 R 0 -61 656 0
25 R 0 -686 0
26 R 0 -318 432 0
27 R 0 -237 0
28 R 0 -252 768 0
29 R 0 -327 788 0
30 R 0 -971 633 0
31 R 0 -539 0
32 R 0 -898 519 0
33 R 0 -900 566 0
34 R 0 585 0
35 R 0 630 0
36 R 0 634 0
37 R 0 676 0
38 R 0 699 0
39 R 0 882 0
40 R 0 886 0
41 R 0 905 0
42 R 0 913 0
43 R 0 916 0
44 R 0 925 0
45 R 0 937 0
46 R 0 977 0
47 R 0 997 0

DAY = 23
NUMBER_OF_VEHICLES = 49
1 R 0 -102 220 0
2 R 0 -416 84 0
3 R 0 -235 75 0
4 R 0 -156 240 0
5 R 0 -238 0
6 R 0 -331 0
7 R 0 -17 313 0
8 R 0 -151 353 0
9 R 0 -171 503 0
10 R 0 -683 48 0
11 R 0 -328 0
12 R 0 -998 130 0
13 R 0 -521 641 0
14 R 0 -259 124 0
15 R 0 -661 705 0
16 R 0 -975 148 0
17 R 0 -141 90 0
18 R 0 -493 157 0
19 R 0 -404 219 0
20 R 0 -543 506 0
21 R 0 -218 787 0
22 R 0 -557 329 0
23 R 0 -548 511 0
24 R 0 -488 791 0
25 R 0 -274 117 0
26 R 0 -656 545 0
27 R 0 -768 720 0
28 R 0 -566 840 0
29 R 0 -676 179 0
30 R 0 -925 0
31 R 0 185 0
32 R 0 311 0
33 R 0 346 0
34 R 0 407 0
35 R 0 435 0
36 R 0 480 0
37 R 0 500 0
38 R 0 611 0
39 R 0 631 0
40 R 0 662 0
41 R 0 762 0
42 R 0 772 0
43 R 0 773 0
44 R 0 784 0
45 R 0 802 0
46 R 0 821 0
47 R 0 875 0
48 R 0 894 0
49 R 0 920 0

DAY = 24
NUMBER_OF_VEHICLES = 53
1 R 0 -97 78 0
2 R 0 -55 0
3 R 0 -263 39 0
4 R 0 -302 73 0
5 R 0 -184 80 0
6 R 0 -777 131 0
7 R 0 -63 0
8 R 0 -824 223 0
9 R 0 -227 91 0
10 R 0 -83 0
11 R 0 -694 162 0
12 R 0 -342 94 0
13 R 0 -992 172 0
14 R 0 -457 2 0
15 R 0 -844 165 0
16 R 0 -786 54 0
17 R 0 -986 144 0
18 R 0 -108 593 0
19 R 0 -230 209 0
20 R 0 -191 349 0
21 R 0 -675 505 0
22 R 0 -788 382 0
23 R 0 -633 0
24 R 0 -585 0
25 R 0 -630 581 0
26 R 0 -882 0
27 R 0 -913 0
28 R 0 -916 0
29 R 0 -937 394 0
30 R 0 -977 472 0
31 R 0 -997 0
32 R 0 -220 584 0
33 R 0 -84 0
34 R 0 -90 0
35 R 0 -329 0
36 R 0 -791 664 0
37 R 0 -117 700 0
38 R 0 -720 494 0
39 R 0 -840 763 0
40 R 0 -631 0
41 R 0 -772 743 0
42 R 0 -784 918 0
43 R 0 -802 701 0
44 R 0 -875 0
45 R 0 778 0
46 R 0 780 0
47 R 0 783 0
48 R 0 797 0
49 R 0 828 0
50 R 0 869 0
51 R 0 914 0
52 R 0 919 0
53 R 0 930 0

DAY = 25
NUMBER_OF_VEHICLES = 59
1 R 0 -260 20 0
2 R 0 -269 111 0
3 R 0 -276 71 0
4 R 0 -552 197 0
5 R 0 -559 453 0
6 R 0 -226 169 0
7 R 0 -366 129 0
8 R 0 -432 188 0
9 R 0 -519 270 0
10 R 0 -634 199 0
11 R 0 -699 247 0
12 R 0 -886 88 0
13 R 0 -905 251 0
14 R 0 -75 127 0
15 R 0 -240 444 0
16 R 0 -313 0
17 R 0 -353 0
18 R 0 -48 483 0
19 R 0 -641 0
20 R 0 -124 303 0
21 R 0 -157 588 0
22 R 0 -219 805 0
23 R 0 -545 0
24 R 0 -179 0
25 R 0 -185 0
26 R 0 -311 306 0
27 R 0 -346 316 0
28 R 0 -407 0
29 R 0 -435 0
30 R 0 -500 336 0
31 R 0 -611 428 0
32 R 0 -773 0
33 R 0 -821 475 0
34 R 0 -894 0
35 R 0 -920 0
36 R 0 -78 0
37 R 0 -73 0
38 R 0 -131 0
39 R 0 -223 0
40 R 0 -162 0
41 R 0 -94 0
42 R 0 -172 617 0
43 R 0 -209 0
44 R 0 -472 0
45 R 0 -584 0
46 R 0 -700 0
47 R 0 -494 0
48 R 0 -763 0
49 R 0 -701 628 0
50 R 0 -778 637 0
51 R 0 -783 716 0
52 R 0 -919 0
53 R 0 556 0
54 R 0 615 0
55 R 0 734 0
56 R 0 740 0
57 R 0 795 0
58 R 0 953 0
59 R 0 978 0

DAY = 26
NUMBER_OF_VEHICLES = 42
1 R 0 -503 115 0
2 R 0 -130 0
3 R 0 -705 388 0
4 R 0 -148 128 0
5 R 0 -506 239 0
6 R 0 -787 389 0
7 R 0 -511 253 0
8 R 0 -480 0
9 R 0 -662 134 0
10 R 0 -762 497 0
11 R 0 -39 114 0
12 R 0 -91 792 0
13 R 0 -2 0
14 R 0 -54 528 0
15 R 0 -144 533 0
16 R 0 -505 155 0
17 R 0 -382 549 0
18 R 0 -581 889 0
19 R 0 -664 0
20 R 0 -797 234 0
21 R 0 -828 317 0
22 R 0 -914 0
23 R 0 -20 648 0
24 R 0 -71 590 0
25 R 0 -453 650 0
26 R 0 -169 0
27 R 0 -199 360 0
28 R 0 -444 0
29 R 0 -588 0
30 R 0 -306 379 0
31 R 0 -428 960 0
32 R 0 -475 0
33 R 0 -716 0
34 R 0 -556 0
35 R 0 -615 0
36 R 0 -740 0
37 R 0 -795 0
38 R 0 -953 0
39 R 0 -978 0
40 R 0 627 0
41 R 0 856 0
42 R 0 877 0

DAY = 27
NUMBER_OF_VEHICLES = 37
1 R 0 -80 0
2 R 0 -165 0
3 R 0 -593 262 0
4 R 0 -349 0
5 R 0 -394 150 0
6 R 0 -743 0
7 R 0 -918 515 0
8 R 0 -780 0
9 R 0 -869 0
10 R 0 -930 892 0
11 R 0 -197 364 0
12 R 0 -129 310 0
13 R 0 -188 434 0
14 R 0 -247 440 0
15 R 0 -88 0
16 R 0 -251 0
17 R 0 -483 0
18 R 0 -303 0
19 R 0 -617 806 0
20 R 0 -628 980 0
21 R 0 -637 0
22 R 0 -734 0
23 R 0 -128 0
24 R 0 -239 0
25 R 0 -389 0
26 R 0 -497 0
27 R 0 -114 0
28 R 0 -792 0
29 R 0 -528 0
30 R 0 -155 433 0
31 R 0 -549 0
32 R 0 -889 0
33 R 0 -317 471 0
34 R 0 -648 670 0
35 R 0 -360 0
36 R 0 -960 0
37 R 0 -856 0

DAY = 28
NUMBER_OF_VEHICLES = 23
1 R 0 -111 224 0
2 R 0 -270 537 0
3 R 0 -127 0
4 R 0 -805 0
5 R 0 -316 241 0
6 R 0 -336 344 0
7 R 0 -115 0
8 R 0 -253 0
9 R 0 -134 0
10 R 0 -533 0
11 R 0 -590 0
12 R 0 -650 0
13 R 0 -379 0
14 R 0 -877 0
15 R 0 -262 0
16 R 0 -515 0
17 R 0 -892 0
18 R 0 -364 0
19 R 0 -434 0
20 R 0 -980 0
21 R 0 -433 0
22 R 0 -471 0
23 R 0 -670 0

DAY = 29
NUMBER_OF_VEHICLES = 11
1 R 0 -388 0
2 R 0 -234 0
3 R 0 -627 0
4 R 0 -150 0
5 R 0 -310 0
6 R 0 -440 0
7 R 0 -806 0
8 R 0 -224 0
9 R 0 -537 0
10 R 0 -241 0
11 R 0 -344 0

