DATASET = All time best instance set VeRoLog competition
NAME = vehicle days over tools over vehicles over distance with 100 requests over 10 days

DAY = 1
NUMBER_OF_VEHICLES = 26
1 R 0 1 0
2 R 0 6 0
3 R 0 8 0
4 R 0 9 0
5 R 0 10 0
6 R 0 11 0
7 R 0 15 0
8 R 0 16 0
9 R 0 17 0
10 R 0 18 0
11 R 0 27 0
12 R 0 29 0
13 R 0 37 0
14 R 0 39 0
15 R 0 40 0
16 R 0 50 0
17 R 0 52 0
18 R 0 57 0
19 R 0 68 0
20 R 0 70 0
21 R 0 72 0
22 R 0 79 0
23 R 0 84 0
24 R 0 86 0
25 R 0 89 0
26 R 0 97 0

DAY = 2
NUMBER_OF_VEHICLES = 18
1 R 0 -1 28 0
2 R 0 -10 31 0
3 R 0 -16 0
4 R 0 -50 19 0
5 R 0 -79 0
6 R 0 -86 62 0
7 R 0 -97 0
8 R 0 23 0
9 R 0 32 0
10 R 0 33 0
11 R 0 69 0
12 R 0 71 0
13 R 0 73 0
14 R 0 76 0
15 R 0 82 0
16 R 0 85 0
17 R 0 94 0
18 R 0 99 0

DAY = 3
NUMBER_OF_VEHICLES = 19
1 R 0 -9 5 0
2 R 0 -15 4 0
3 R 0 -29 0
4 R 0 -40 0
5 R 0 -57 0
6 R 0 -68 60 0
7 R 0 -70 83 0
8 R 0 -89 22 0
9 R 0 -23 3 0
10 R 0 -33 90 0
11 R 0 -73 42 0
12 R 0 -85 0
13 R 0 -94 0
14 R 0 45 0
15 R 0 56 0
16 R 0 87 0
17 R 0 93 0
18 R 0 95 0
19 R 0 96 0

DAY = 4
NUMBER_OF_VEHICLES = 24
1 R 0 -6 24 0
2 R 0 -8 26 0
3 R 0 -11 38 0
4 R 0 -17 54 0
5 R 0 -18 0
6 R 0 -27 14 0
7 R 0 -37 7 0
8 R 0 -39 63 0
9 R 0 -52 98 0
10 R 0 -72 0
11 R 0 -84 0
12 R 0 -31 20 0
13 R 0 -19 0
14 R 0 -32 0
15 R 0 -69 59 0
16 R 0 -76 0
17 R 0 -83 0
18 R 0 -45 0
19 R 0 -96 0
20 R 0 53 0
21 R 0 65 0
22 R 0 75 0
23 R 0 80 0
24 R 0 92 0

DAY = 5
NUMBER_OF_VEHICLES = 16
1 R 0 -28 48 0
2 R 0 -62 0
3 R 0 -71 36 0
4 R 0 -82 30 0
5 R 0 -99 0
6 R 0 -5 74 0
7 R 0 -4 43 0
8 R 0 -22 77 0
9 R 0 -90 47 0
10 R 0 -87 41 0
11 R 0 -63 58 0
12 R 0 -53 0
13 R 0 51 0
14 R 0 61 0
15 R 0 64 0
16 R 0 88 0

DAY = 6
NUMBER_OF_VEHICLES = 18
1 R 0 -60 21 0
2 R 0 -3 0
3 R 0 -42 44 0
4 R 0 -56 0
5 R 0 -93 34 0
6 R 0 -95 46 0
7 R 0 -24 78 0
8 R 0 -54 0
9 R 0 -59 35 0
10 R 0 -65 0
11 R 0 -36 0
12 R 0 -30 0
13 R 0 -47 0
14 R 0 -41 0
15 R 0 -58 0
16 R 0 49 0
17 R 0 66 0
18 R 0 100 0

DAY = 7
NUMBER_OF_VEHICLES = 16
1 R 0 -26 0
2 R 0 -38 0
3 R 0 -14 25 0
4 R 0 -7 91 0
5 R 0 -98 0
6 R 0 -20 0
7 R 0 -75 0
8 R 0 -80 0
9 R 0 -92 0
10 R 0 -43 0
11 R 0 -51 0
12 R 0 -61 2 0
13 R 0 -64 0
14 R 0 -21 81 0
15 R 0 -46 0
16 R 0 -49 0

DAY = 8
NUMBER_OF_VEHICLES = 11
1 R 0 -48 13 0
2 R 0 -74 0
3 R 0 -77 55 0
4 R 0 -88 67 0
5 R 0 -44 0
6 R 0 -78 12 0
7 R 0 -35 0
8 R 0 -66 0
9 R 0 -100 0
10 R 0 -91 0
11 R 0 -81 0

DAY = 9
NUMBER_OF_VEHICLES = 7
1 R 0 -34 0
2 R 0 -25 0
3 R 0 -2 0
4 R 0 -13 0
5 R 0 -55 0
6 R 0 -67 0
7 R 0 -12 0

