DATASET = All time best instance set VeRoLog competition
NAME = tools over distance over vehicle days over vehicles with 1000 requests over 25 days

DAY = 1
NUMBER_OF_VEHICLES = 39
1 R 0 23 0
2 R 0 72 0
3 R 0 130 0
4 R 0 151 0
5 R 0 165 0
6 R 0 199 0
7 R 0 295 0
8 R 0 335 0
9 R 0 365 0
10 R 0 379 0
11 R 0 396 0
12 R 0 412 0
13 R 0 454 0
14 R 0 456 0
15 R 0 465 0
16 R 0 479 0
17 R 0 486 0
18 R 0 503 0
19 R 0 511 0
20 R 0 529 0
21 R 0 546 0
22 R 0 589 0
23 R 0 591 0
24 R 0 603 0
25 R 0 612 0
26 R 0 628 0
27 R 0 643 0
28 R 0 676 0
29 R 0 689 0
30 R 0 751 0
31 R 0 759 0
32 R 0 776 0
33 R 0 791 0
34 R 0 793 0
35 R 0 839 0
36 R 0 864 0
37 R 0 915 0
38 R 0 961 0
39 R 0 998 0

DAY = 2
NUMBER_OF_VEHICLES = 62
1 R 0 -295 11 0
2 R 0 -456 14 0
3 R 0 -465 26 0
4 R 0 -479 49 0
5 R 0 -546 5 0
6 R 0 -612 57 0
7 R 0 -751 79 0
8 R 0 -776 31 0
9 R 0 -864 0
10 R 0 -915 51 0
11 R 0 -998 93 0
12 R 0 92 0
13 R 0 104 0
14 R 0 111 0
15 R 0 139 0
16 R 0 157 0
17 R 0 162 0
18 R 0 171 0
19 R 0 196 0
20 R 0 222 0
21 R 0 234 0
22 R 0 238 0
23 R 0 292 0
24 R 0 308 0
25 R 0 310 0
26 R 0 316 0
27 R 0 323 0
28 R 0 350 0
29 R 0 363 0
30 R 0 369 0
31 R 0 380 0
32 R 0 427 0
33 R 0 447 0
34 R 0 450 0
35 R 0 460 0
36 R 0 473 0
37 R 0 523 0
38 R 0 578 0
39 R 0 581 0
40 R 0 586 0
41 R 0 598 0
42 R 0 674 0
43 R 0 691 0
44 R 0 714 0
45 R 0 724 0
46 R 0 726 0
47 R 0 735 0
48 R 0 746 0
49 R 0 766 0
50 R 0 775 0
51 R 0 789 0
52 R 0 803 0
53 R 0 816 0
54 R 0 878 0
55 R 0 898 0
56 R 0 907 0
57 R 0 916 0
58 R 0 924 0
59 R 0 931 0
60 R 0 939 0
61 R 0 960 0
62 R 0 968 0

DAY = 3
NUMBER_OF_VEHICLES = 49
1 R 0 -72 6 0
2 R 0 -151 54 0
3 R 0 -199 21 0
4 R 0 -379 62 0
5 R 0 -396 85 0
6 R 0 -412 182 0
7 R 0 -454 192 0
8 R 0 -676 221 0
9 R 0 -791 245 0
10 R 0 -793 225 0
11 R 0 -26 290 0
12 R 0 -49 86 0
13 R 0 -57 257 0
14 R 0 -92 98 0
15 R 0 -104 129 0
16 R 0 -111 150 0
17 R 0 -157 188 0
18 R 0 -162 294 0
19 R 0 -308 210 0
20 R 0 -316 352 0
21 R 0 -460 268 0
22 R 0 -473 321 0
23 R 0 -578 437 0
24 R 0 -581 315 0
25 R 0 -598 331 0
26 R 0 -714 333 0
27 R 0 -735 451 0
28 R 0 -746 0
29 R 0 -775 417 0
30 R 0 -789 422 0
31 R 0 -816 485 0
32 R 0 -968 564 0
33 R 0 445 0
34 R 0 507 0
35 R 0 600 0
36 R 0 608 0
37 R 0 623 0
38 R 0 642 0
39 R 0 651 0
40 R 0 723 0
41 R 0 731 0
42 R 0 732 0
43 R 0 831 0
44 R 0 854 0
45 R 0 858 0
46 R 0 906 0
47 R 0 954 0
48 R 0 970 0
49 R 0 975 0

DAY = 4
NUMBER_OF_VEHICLES = 51
1 R 0 -23 0
2 R 0 -130 0
3 R 0 -165 100 0
4 R 0 -335 214 0
5 R 0 -365 12 0
6 R 0 -486 71 0
7 R 0 -503 0
8 R 0 -511 256 0
9 R 0 -529 118 0
10 R 0 -589 263 0
11 R 0 -591 0
12 R 0 -603 164 0
13 R 0 -628 235 0
14 R 0 -643 170 0
15 R 0 -689 324 0
16 R 0 -759 255 0
17 R 0 -839 258 0
18 R 0 -961 297 0
19 R 0 -5 377 0
20 R 0 -31 471 0
21 R 0 -51 332 0
22 R 0 -171 402 0
23 R 0 -196 389 0
24 R 0 -238 408 0
25 R 0 -310 446 0
26 R 0 -350 525 0
27 R 0 -369 496 0
28 R 0 -523 512 0
29 R 0 -878 604 0
30 R 0 -916 663 0
31 R 0 -939 510 0
32 R 0 -21 572 0
33 R 0 -62 725 0
34 R 0 -225 730 0
35 R 0 -290 630 0
36 R 0 -437 948 0
37 R 0 -451 601 0
38 R 0 -422 679 0
39 R 0 -651 655 0
40 R 0 -723 958 0
41 R 0 -731 0
42 R 0 -732 0
43 R 0 -906 712 0
44 R 0 -975 778 0
45 R 0 671 0
46 R 0 734 0
47 R 0 867 0
48 R 0 895 0
49 R 0 900 0
50 R 0 940 0
51 R 0 941 0

DAY = 5
NUMBER_OF_VEHICLES = 66
1 R 0 -11 37 0
2 R 0 -14 67 0
3 R 0 -79 17 0
4 R 0 -93 4 0
5 R 0 -139 60 0
6 R 0 -222 142 0
7 R 0 -234 0
8 R 0 -292 233 0
9 R 0 -323 140 0
10 R 0 -363 80 0
11 R 0 -380 154 0
12 R 0 -427 83 0
13 R 0 -447 167 0
14 R 0 -450 169 0
15 R 0 -586 254 0
16 R 0 -674 109 0
17 R 0 -691 325 0
18 R 0 -724 326 0
19 R 0 -726 374 0
20 R 0 -766 413 0
21 R 0 -803 353 0
22 R 0 -898 423 0
23 R 0 -907 357 0
24 R 0 -924 394 0
25 R 0 -931 441 0
26 R 0 -960 547 0
27 R 0 -6 429 0
28 R 0 -85 469 0
29 R 0 -182 531 0
30 R 0 -192 577 0
31 R 0 -221 491 0
32 R 0 -86 650 0
33 R 0 -150 694 0
34 R 0 -352 800 0
35 R 0 -321 668 0
36 R 0 -417 498 0
37 R 0 -507 526 0
38 R 0 -623 621 0
39 R 0 -642 698 0
40 R 0 -854 813 0
41 R 0 -954 654 0
42 R 0 -214 0
43 R 0 -118 887 0
44 R 0 -170 905 0
45 R 0 -324 706 0
46 R 0 -255 664 0
47 R 0 -297 942 0
48 R 0 -377 784 0
49 R 0 -604 727 0
50 R 0 -630 0
51 R 0 -601 0
52 R 0 -655 0
53 R 0 -778 768 0
54 R 0 -867 0
55 R 0 -900 783 0
56 R 0 788 0
57 R 0 802 0
58 R 0 809 0
59 R 0 835 0
60 R 0 848 0
61 R 0 857 0
62 R 0 879 0
63 R 0 930 0
64 R 0 969 0
65 R 0 976 0
66 R 0 992 0

DAY = 6
NUMBER_OF_VEHICLES = 52
1 R 0 -54 18 0
2 R 0 -245 43 0
3 R 0 -257 185 0
4 R 0 -98 47 0
5 R 0 -129 90 0
6 R 0 -188 193 0
7 R 0 -294 106 0
8 R 0 -210 208 0
9 R 0 -268 246 0
10 R 0 -315 123 0
11 R 0 -331 189 0
12 R 0 -333 217 0
13 R 0 -485 261 0
14 R 0 -564 288 0
15 R 0 -445 244 0
16 R 0 -600 419 0
17 R 0 -608 283 0
18 R 0 -831 0
19 R 0 -858 489 0
20 R 0 -970 566 0
21 R 0 -100 302 0
22 R 0 -263 514 0
23 R 0 -235 500 0
24 R 0 -258 539 0
25 R 0 -471 543 0
26 R 0 -408 568 0
27 R 0 -446 749 0
28 R 0 -525 753 0
29 R 0 -512 533 0
30 R 0 -572 764 0
31 R 0 -948 649 0
32 R 0 -679 787 0
33 R 0 -712 817 0
34 R 0 -734 815 0
35 R 0 -895 932 0
36 R 0 -940 934 0
37 R 0 -37 910 0
38 R 0 -60 665 0
39 R 0 -142 690 0
40 R 0 -254 921 0
41 R 0 -531 773 0
42 R 0 -800 955 0
43 R 0 -668 814 0
44 R 0 -526 950 0
45 R 0 -621 980 0
46 R 0 -887 986 0
47 R 0 -706 859 0
48 R 0 -727 996 0
49 R 0 -788 990 0
50 R 0 -930 0
51 R 0 -976 0
52 R 0 -992 0

DAY = 7
NUMBER_OF_VEHICLES = 57
1 R 0 -12 132 0
2 R 0 -71 137 0
3 R 0 -256 242 0
4 R 0 -164 32 0
5 R 0 -332 172 0
6 R 0 -402 329 0
7 R 0 -389 173 0
8 R 0 -496 341 0
9 R 0 -663 384 0
10 R 0 -510 272 0
11 R 0 -725 399 0
12 R 0 -730 474 0
13 R 0 -958 557 0
14 R 0 -671 387 0
15 R 0 -941 391 0
16 R 0 -67 490 0
17 R 0 -4 53 0
18 R 0 -233 607 0
19 R 0 -80 76 0
20 R 0 -83 96 0
21 R 0 -413 619 0
22 R 0 -353 542 0
23 R 0 -423 593 0
24 R 0 -394 131 0
25 R 0 -441 195 0
26 R 0 -547 832 0
27 R 0 -429 752 0
28 R 0 -469 833 0
29 R 0 -491 0
30 R 0 -650 866 0
31 R 0 -813 882 0
32 R 0 -654 0
33 R 0 -905 0
34 R 0 -664 279 0
35 R 0 -784 838 0
36 R 0 -783 338 0
37 R 0 -802 370 0
38 R 0 -809 400 0
39 R 0 -835 443 0
40 R 0 -857 464 0
41 R 0 -969 515 0
42 R 0 -185 841 0
43 R 0 -90 979 0
44 R 0 -189 541 0
45 R 0 -217 571 0
46 R 0 -419 937 0
47 R 0 -283 677 0
48 R 0 -566 0
49 R 0 -753 697 0
50 R 0 -817 711 0
51 R 0 -932 811 0
52 R 0 -665 0
53 R 0 -921 0
54 R 0 -859 0
55 R 0 -996 847 0
56 R 0 -990 0
57 R 0 928 0

DAY = 8
NUMBER_OF_VEHICLES = 57
1 R 0 -17 147 0
2 R 0 -140 0
3 R 0 -154 22 0
4 R 0 -167 58 0
5 R 0 -169 64 0
6 R 0 -109 16 0
7 R 0 -325 75 0
8 R 0 -326 206 0
9 R 0 -374 269 0
10 R 0 -357 229 0
11 R 0 -577 298 0
12 R 0 -694 91 0
13 R 0 -498 280 0
14 R 0 -698 345 0
15 R 0 -942 112 0
16 R 0 -768 313 0
17 R 0 -848 528 0
18 R 0 -879 549 0
19 R 0 -193 122 0
20 R 0 -288 569 0
21 R 0 -489 0
22 R 0 -514 718 0
23 R 0 -543 573 0
24 R 0 -533 865 0
25 R 0 -764 126 0
26 R 0 -910 0
27 R 0 -773 903 0
28 R 0 -814 985 0
29 R 0 -950 588 0
30 R 0 -980 837 0
31 R 0 -986 155 0
32 R 0 -137 0
33 R 0 -341 0
34 R 0 -557 0
35 R 0 -387 0
36 R 0 -607 0
37 R 0 -76 983 0
38 R 0 -96 984 0
39 R 0 -593 163 0
40 R 0 -195 999 0
41 R 0 -752 0
42 R 0 -882 243 0
43 R 0 -279 0
44 R 0 -370 0
45 R 0 -841 0
46 R 0 -979 274 0
47 R 0 -541 0
48 R 0 -677 0
49 R 0 -711 0
50 R 0 -928 0
51 R 0 305 0
52 R 0 715 0
53 R 0 719 0
54 R 0 762 0
55 R 0 818 0
56 R 0 885 0
57 R 0 956 0

DAY = 9
NUMBER_OF_VEHICLES = 54
1 R 0 -18 34 0
2 R 0 -43 65 0
3 R 0 -47 30 0
4 R 0 -106 270 0
5 R 0 -208 89 0
6 R 0 -246 146 0
7 R 0 -123 299 0
8 R 0 -261 249 0
9 R 0 -244 336 0
10 R 0 -302 343 0
11 R 0 -500 461 0
12 R 0 -539 552 0
13 R 0 -568 143 0
14 R 0 -749 153 0
15 R 0 -649 262 0
16 R 0 -787 661 0
17 R 0 -815 237 0
18 R 0 -934 666 0
19 R 0 -690 264 0
20 R 0 -955 340 0
21 R 0 -132 381 0
22 R 0 -242 432 0
23 R 0 -384 436 0
24 R 0 -399 488 0
25 R 0 -391 472 0
26 R 0 -619 627 0
27 R 0 -542 475 0
28 R 0 -833 716 0
29 R 0 -866 513 0
30 R 0 -400 736 0
31 R 0 -443 774 0
32 R 0 -515 801 0
33 R 0 -571 824 0
34 R 0 -937 744 0
35 R 0 -697 890 0
36 R 0 -811 925 0
37 R 0 -847 971 0
38 R 0 -64 688 0
39 R 0 -16 987 0
40 R 0 -269 804 0
41 R 0 -298 0
42 R 0 -112 705 0
43 R 0 -573 0
44 R 0 -985 843 0
45 R 0 -155 755 0
46 R 0 -983 0
47 R 0 -163 0
48 R 0 -715 758 0
49 R 0 -818 819 0
50 R 0 -956 856 0
51 R 0 875 0
52 R 0 962 0
53 R 0 966 0
54 R 0 973 0

DAY = 10
NUMBER_OF_VEHICLES = 49
1 R 0 -32 25 0
2 R 0 -172 97 0
3 R 0 -329 41 0
4 R 0 -173 124 0
5 R 0 -272 0
6 R 0 -474 69 0
7 R 0 -490 204 0
8 R 0 -53 20 0
9 R 0 -131 110 0
10 R 0 -832 224 0
11 R 0 -838 117 0
12 R 0 -338 115 0
13 R 0 -464 121 0
14 R 0 -22 348 0
15 R 0 -206 141 0
16 R 0 -229 197 0
17 R 0 -91 430 0
18 R 0 -313 320 0
19 R 0 -528 250 0
20 R 0 -122 563 0
21 R 0 -569 301 0
22 R 0 -718 386 0
23 R 0 -126 611 0
24 R 0 -903 392 0
25 R 0 -837 371 0
26 R 0 -984 580 0
27 R 0 -719 615 0
28 R 0 -762 707 0
29 R 0 -885 822 0
30 R 0 -34 439 0
31 R 0 -336 710 0
32 R 0 -461 884 0
33 R 0 -153 844 0
34 R 0 -262 535 0
35 R 0 -237 0
36 R 0 -666 894 0
37 R 0 -264 560 0
38 R 0 -436 579 0
39 R 0 595 0
40 R 0 709 0
41 R 0 721 0
42 R 0 750 0
43 R 0 797 0
44 R 0 799 0
45 R 0 918 0
46 R 0 949 0
47 R 0 967 0
48 R 0 972 0
49 R 0 993 0

DAY = 11
NUMBER_OF_VEHICLES = 65
1 R 0 -147 175 0
2 R 0 -58 59 0
3 R 0 -75 114 0
4 R 0 -280 1 0
5 R 0 -345 176 0
6 R 0 -549 10 0
7 R 0 -865 265 0
8 R 0 -588 45 0
9 R 0 -999 128 0
10 R 0 -243 125 0
11 R 0 -274 156 0
12 R 0 -305 0
13 R 0 -65 203 0
14 R 0 -89 232 0
15 R 0 -343 273 0
16 R 0 -552 275 0
17 R 0 -143 252 0
18 R 0 -340 271 0
19 R 0 -381 309 0
20 R 0 -432 322 0
21 R 0 -488 407 0
22 R 0 -627 411 0
23 R 0 -716 459 0
24 R 0 -513 362 0
25 R 0 -774 284 0
26 R 0 -801 293 0
27 R 0 -744 530 0
28 R 0 -890 327 0
29 R 0 -925 334 0
30 R 0 -987 0
31 R 0 -804 605 0
32 R 0 -843 609 0
33 R 0 -758 421 0
34 R 0 -856 0
35 R 0 -875 617 0
36 R 0 -97 476 0
37 R 0 -69 792 0
38 R 0 -224 537 0
39 R 0 -197 349 0
40 R 0 -386 796 0
41 R 0 -392 825 0
42 R 0 -371 415 0
43 R 0 -580 574 0
44 R 0 -615 0
45 R 0 -884 633 0
46 R 0 -894 692 0
47 R 0 -595 845 0
48 R 0 -750 901 0
49 R 0 -972 745 0
50 R 0 599 0
51 R 0 704 0
52 R 0 763 0
53 R 0 770 0
54 R 0 780 0
55 R 0 798 0
56 R 0 850 0
57 R 0 876 0
58 R 0 886 0
59 R 0 896 0
60 R 0 912 0
61 R 0 917 0
62 R 0 935 0
63 R 0 963 0
64 R 0 964 0
65 R 0 981 0

DAY = 12
NUMBER_OF_VEHICLES = 54
1 R 0 -30 44 0
2 R 0 -270 13 0
3 R 0 -146 9 0
4 R 0 -299 29 0
5 R 0 -249 52 0
6 R 0 -661 40 0
7 R 0 -472 148 0
8 R 0 -475 168 0
9 R 0 -736 178 0
10 R 0 -824 183 0
11 R 0 -971 231 0
12 R 0 -688 241 0
13 R 0 -705 383 0
14 R 0 -755 434 0
15 R 0 -819 492 0
16 R 0 -962 516 0
17 R 0 -966 116 0
18 R 0 -973 590 0
19 R 0 -25 610 0
20 R 0 -41 219 0
21 R 0 -204 678 0
22 R 0 -110 240 0
23 R 0 -117 286 0
24 R 0 -115 426 0
25 R 0 -141 435 0
26 R 0 -320 468 0
27 R 0 -563 741 0
28 R 0 -301 344 0
29 R 0 -707 754 0
30 R 0 -560 0
31 R 0 -709 390 0
32 R 0 -721 397 0
33 R 0 -799 482 0
34 R 0 -949 493 0
35 R 0 -175 538 0
36 R 0 -1 602 0
37 R 0 -176 544 0
38 R 0 -10 812 0
39 R 0 -128 0
40 R 0 -271 807 0
41 R 0 -309 551 0
42 R 0 -322 696 0
43 R 0 -421 936 0
44 R 0 -617 927 0
45 R 0 -349 0
46 R 0 -825 994 0
47 R 0 -415 0
48 R 0 -633 0
49 R 0 -845 0
50 R 0 -745 0
51 R 0 -763 0
52 R 0 -770 0
53 R 0 -917 0
54 R 0 -981 1000 0

DAY = 13
NUMBER_OF_VEHICLES = 50
1 R 0 -124 38 0
2 R 0 -20 55 0
3 R 0 -121 103 0
4 R 0 -348 84 0
5 R 0 -430 136 0
6 R 0 -250 24 0
7 R 0 -611 158 0
8 R 0 -822 300 0
9 R 0 -439 27 0
10 R 0 -710 105 0
11 R 0 -844 699 0
12 R 0 -535 33 0
13 R 0 -579 160 0
14 R 0 -797 287 0
15 R 0 -918 213 0
16 R 0 -967 266 0
17 R 0 -993 481 0
18 R 0 -59 772 0
19 R 0 -265 483 0
20 R 0 -232 777 0
21 R 0 -273 342 0
22 R 0 -411 495 0
23 R 0 -459 638 0
24 R 0 -284 424 0
25 R 0 -530 669 0
26 R 0 -327 453 0
27 R 0 -605 685 0
28 R 0 -609 737 0
29 R 0 -574 517 0
30 R 0 -901 779 0
31 R 0 -599 781 0
32 R 0 -780 518 0
33 R 0 -850 794 0
34 R 0 -876 795 0
35 R 0 -935 861 0
36 R 0 -964 540 0
37 R 0 -168 874 0
38 R 0 -116 871 0
39 R 0 -219 892 0
40 R 0 -240 545 0
41 R 0 -754 944 0
42 R 0 -482 0
43 R 0 -538 0
44 R 0 -812 756 0
45 R 0 -551 0
46 R 0 -696 0
47 R 0 760 0
48 R 0 771 0
49 R 0 840 0
50 R 0 951 0

DAY = 14
NUMBER_OF_VEHICLES = 56
1 R 0 -114 56 0
2 R 0 -45 8 0
3 R 0 -125 180 0
4 R 0 -156 0
5 R 0 -203 73 0
6 R 0 -275 127 0
7 R 0 -252 0
8 R 0 -407 39 0
9 R 0 -362 228 0
10 R 0 -293 144 0
11 R 0 -334 205 0
12 R 0 -476 248 0
13 R 0 -792 247 0
14 R 0 -537 418 0
15 R 0 -796 428 0
16 R 0 -692 277 0
17 R 0 -704 555 0
18 R 0 -798 346 0
19 R 0 -886 614 0
20 R 0 -896 622 0
21 R 0 -912 466 0
22 R 0 -963 351 0
23 R 0 -44 629 0
24 R 0 -13 635 0
25 R 0 -9 480 0
26 R 0 -29 738 0
27 R 0 -52 508 0
28 R 0 -231 826 0
29 R 0 -241 834 0
30 R 0 -383 852 0
31 R 0 -492 880 0
32 R 0 -590 965 0
33 R 0 -678 0
34 R 0 -435 873 0
35 R 0 -468 893 0
36 R 0 -741 0
37 R 0 -390 632 0
38 R 0 -493 978 0
39 R 0 -602 0
40 R 0 -994 648 0
41 R 0 -103 0
42 R 0 -136 0
43 R 0 -24 693 0
44 R 0 -266 0
45 R 0 -481 708 0
46 R 0 -495 830 0
47 R 0 -638 883 0
48 R 0 -424 0
49 R 0 -453 0
50 R 0 -517 0
51 R 0 -794 0
52 R 0 -861 938 0
53 R 0 -545 0
54 R 0 -756 0
55 R 0 -760 0
56 R 0 -951 0

DAY = 15
NUMBER_OF_VEHICLES = 56
1 R 0 -40 88 0
2 R 0 -148 61 0
3 R 0 -178 184 0
4 R 0 -183 186 0
5 R 0 -434 74 0
6 R 0 -516 177 0
7 R 0 -610 191 0
8 R 0 -286 3 0
9 R 0 -426 307 0
10 R 0 -344 35 0
11 R 0 -397 36 0
12 R 0 -544 87 0
13 R 0 -807 276 0
14 R 0 -936 306 0
15 R 0 -927 201 0
16 R 0 -1000 216 0
17 R 0 -84 319 0
18 R 0 -158 457 0
19 R 0 -300 463 0
20 R 0 -33 401 0
21 R 0 -160 404 0
22 R 0 -213 318 0
23 R 0 -772 501 0
24 R 0 -669 420 0
25 R 0 -737 444 0
26 R 0 -518 0
27 R 0 -795 506 0
28 R 0 -871 0
29 R 0 -892 567 0
30 R 0 -944 536 0
31 R 0 -771 382 0
32 R 0 -840 458 0
33 R 0 -73 584 0
34 R 0 -248 594 0
35 R 0 -555 658 0
36 R 0 -346 684 0
37 R 0 -614 660 0
38 R 0 -826 713 0
39 R 0 -880 673 0
40 R 0 -965 681 0
41 R 0 -873 733 0
42 R 0 -632 626 0
43 R 0 -978 872 0
44 R 0 -648 808 0
45 R 0 -708 820 0
46 R 0 828 0
47 R 0 846 0
48 R 0 870 0
49 R 0 899 0
50 R 0 914 0
51 R 0 919 0
52 R 0 920 0
53 R 0 922 0
54 R 0 929 0
55 R 0 933 0
56 R 0 974 0

DAY = 16
NUMBER_OF_VEHICLES = 52
1 R 0 -38 46 0
2 R 0 -55 2 0
3 R 0 -27 95 0
4 R 0 -105 48 0
5 R 0 -699 81 0
6 R 0 -287 99 0
7 R 0 -483 102 0
8 R 0 -777 220 0
9 R 0 -342 82 0
10 R 0 -685 304 0
11 R 0 -779 328 0
12 R 0 -781 236 0
13 R 0 -540 181 0
14 R 0 -874 291 0
15 R 0 -56 354 0
16 R 0 -180 373 0
17 R 0 -127 198 0
18 R 0 -228 375 0
19 R 0 -144 230 0
20 R 0 -247 367 0
21 R 0 -418 442 0
22 R 0 -622 576 0
23 R 0 -466 410 0
24 R 0 -351 403 0
25 R 0 -635 477 0
26 R 0 -480 597 0
27 R 0 -738 532 0
28 R 0 -508 652 0
29 R 0 -834 620 0
30 R 0 -852 624 0
31 R 0 -693 687 0
32 R 0 -883 0
33 R 0 -938 769 0
34 R 0 -61 672 0
35 R 0 -184 553 0
36 R 0 -74 680 0
37 R 0 -3 863 0
38 R 0 -276 720 0
39 R 0 -306 747 0
40 R 0 -216 891 0
41 R 0 -463 806 0
42 R 0 -420 904 0
43 R 0 -444 0
44 R 0 -506 842 0
45 R 0 -536 862 0
46 R 0 -584 644 0
47 R 0 -684 686 0
48 R 0 -681 997 0
49 R 0 -733 0
50 R 0 -808 0
51 R 0 -820 0
52 R 0 -974 0

DAY = 17
NUMBER_OF_VEHICLES = 54
1 R 0 -8 145 0
2 R 0 -39 70 0
3 R 0 -205 200 0
4 R 0 -428 107 0
5 R 0 -277 317 0
6 R 0 -629 15 0
7 R 0 -893 487 0
8 R 0 -830 190 0
9 R 0 -186 587 0
10 R 0 -35 202 0
11 R 0 -401 227 0
12 R 0 -501 108 0
13 R 0 -567 0
14 R 0 -458 606 0
15 R 0 -594 159 0
16 R 0 -658 209 0
17 R 0 -713 625 0
18 R 0 -673 239 0
19 R 0 -828 0
20 R 0 -846 281 0
21 R 0 -899 260 0
22 R 0 -929 393 0
23 R 0 -95 406 0
24 R 0 -48 868 0
25 R 0 -102 470 0
26 R 0 -82 869 0
27 R 0 -328 524 0
28 R 0 -373 285 0
29 R 0 -375 330 0
30 R 0 -410 548 0
31 R 0 -597 550 0
32 R 0 -863 618 0
33 R 0 -747 347 0
34 R 0 -806 388 0
35 R 0 -904 657 0
36 R 0 -862 409 0
37 R 0 502 0
38 R 0 504 0
39 R 0 520 0
40 R 0 534 0
41 R 0 575 0
42 R 0 585 0
43 R 0 631 0
44 R 0 659 0
45 R 0 748 0
46 R 0 782 0
47 R 0 790 0
48 R 0 823 0
49 R 0 853 0
50 R 0 923 0
51 R 0 926 0
52 R 0 946 0
53 R 0 947 0
54 R 0 952 0

DAY = 18
NUMBER_OF_VEHICLES = 64
1 R 0 -88 42 0
2 R 0 -177 149 0
3 R 0 -191 314 0
4 R 0 -307 50 0
5 R 0 -36 119 0
6 R 0 -87 194 0
7 R 0 -201 311 0
8 R 0 -319 364 0
9 R 0 -457 449 0
10 R 0 -404 372 0
11 R 0 -318 63 0
12 R 0 -382 0
13 R 0 -660 519 0
14 R 0 -626 395 0
15 R 0 -872 77 0
16 R 0 -870 683 0
17 R 0 -914 425 0
18 R 0 -919 440 0
19 R 0 -920 765 0
20 R 0 -922 462 0
21 R 0 -933 135 0
22 R 0 -2 226 0
23 R 0 -99 484 0
24 R 0 -181 251 0
25 R 0 -291 881 0
26 R 0 -354 897 0
27 R 0 -230 337 0
28 R 0 -442 988 0
29 R 0 -576 0
30 R 0 -532 368 0
31 R 0 -620 0
32 R 0 -624 0
33 R 0 -769 522 0
34 R 0 -672 0
35 R 0 -680 0
36 R 0 -720 0
37 R 0 -842 0
38 R 0 -997 0
39 R 0 -487 467 0
40 R 0 -190 0
41 R 0 -159 0
42 R 0 -209 0
43 R 0 -239 0
44 R 0 -281 0
45 R 0 -393 592 0
46 R 0 -470 641 0
47 R 0 -285 0
48 R 0 -330 0
49 R 0 -618 647 0
50 R 0 -502 0
51 R 0 -520 0
52 R 0 -659 656 0
53 R 0 -782 0
54 R 0 -926 0
55 R 0 -946 851 0
56 R 0 -947 913 0
57 R 0 497 0
58 R 0 554 0
59 R 0 637 0
60 R 0 675 0
61 R 0 682 0
62 R 0 695 0
63 R 0 908 0
64 R 0 911 0

DAY = 19
NUMBER_OF_VEHICLES = 46
1 R 0 -46 282 0
2 R 0 -81 356 0
3 R 0 -220 358 0
4 R 0 -304 267 0
5 R 0 -236 366 0
6 R 0 -198 68 0
7 R 0 -367 431 0
8 R 0 -403 78 0
9 R 0 -477 134 0
10 R 0 -652 527 0
11 R 0 -687 558 0
12 R 0 -553 161 0
13 R 0 -891 565 0
14 R 0 -644 207 0
15 R 0 -686 278 0
16 R 0 -145 438 0
17 R 0 -227 646 0
18 R 0 -606 509 0
19 R 0 -625 596 0
20 R 0 -868 653 0
21 R 0 -869 670 0
22 R 0 -524 805 0
23 R 0 -550 860 0
24 R 0 -388 0
25 R 0 -409 455 0
26 R 0 -575 505 0
27 R 0 -585 562 0
28 R 0 -748 959 0
29 R 0 -923 982 0
30 R 0 -119 0
31 R 0 -194 0
32 R 0 -449 640 0
33 R 0 -519 0
34 R 0 -683 0
35 R 0 -425 0
36 R 0 -462 0
37 R 0 -135 703 0
38 R 0 -897 0
39 R 0 -337 0
40 R 0 -368 728 0
41 R 0 -522 0
42 R 0 -497 757 0
43 R 0 -554 909 0
44 R 0 -637 977 0
45 R 0 -682 989 0
46 R 0 -695 991 0

DAY = 20
NUMBER_OF_VEHICLES = 48
1 R 0 -70 101 0
2 R 0 -200 28 0
3 R 0 -107 212 0
4 R 0 -317 94 0
5 R 0 -15 66 0
6 R 0 -587 138 0
7 R 0 -202 218 0
8 R 0 -108 113 0
9 R 0 -260 0
10 R 0 -406 296 0
11 R 0 -548 303 0
12 R 0 -347 259 0
13 R 0 -657 360 0
14 R 0 -504 355 0
15 R 0 -534 398 0
16 R 0 -631 452 0
17 R 0 -790 385 0
18 R 0 -823 448 0
19 R 0 -853 478 0
20 R 0 -952 166 0
21 R 0 -314 582 0
22 R 0 -311 0
23 R 0 -372 521 0
24 R 0 -63 174 0
25 R 0 -765 636 0
26 R 0 -226 414 0
27 R 0 -484 639 0
28 R 0 -251 701 0
29 R 0 -881 662 0
30 R 0 -592 829 0
31 R 0 -647 957 0
32 R 0 -913 0
33 R 0 -282 722 0
34 R 0 -358 743 0
35 R 0 -431 0
36 R 0 -78 702 0
37 R 0 -527 0
38 R 0 -161 729 0
39 R 0 -278 739 0
40 R 0 -438 740 0
41 R 0 -509 767 0
42 R 0 -455 810 0
43 R 0 -505 0
44 R 0 -562 0
45 R 0 -640 0
46 R 0 -728 786 0
47 R 0 -757 836 0
48 R 0 -991 0

DAY = 21
NUMBER_OF_VEHICLES = 38
1 R 0 -42 215 0
2 R 0 -149 405 0
3 R 0 -50 289 0
4 R 0 -364 416 0
5 R 0 -395 19 0
6 R 0 -77 359 0
7 R 0 -440 223 0
8 R 0 -988 561 0
9 R 0 -467 494 0
10 R 0 -641 376 0
11 R 0 -656 378 0
12 R 0 -851 433 0
13 R 0 -675 499 0
14 R 0 -908 559 0
15 R 0 -911 667 0
16 R 0 -366 634 0
17 R 0 -134 700 0
18 R 0 -558 570 0
19 R 0 -596 761 0
20 R 0 -805 583 0
21 R 0 -909 902 0
22 R 0 -977 953 0
23 R 0 -989 0
24 R 0 -101 613 0
25 R 0 -218 616 0
26 R 0 -113 785 0
27 R 0 -303 827 0
28 R 0 -259 821 0
29 R 0 -398 877 0
30 R 0 -385 855 0
31 R 0 -448 945 0
32 R 0 -521 0
33 R 0 -174 0
34 R 0 -636 889 0
35 R 0 -957 0
36 R 0 -722 995 0
37 R 0 -740 0
38 R 0 -767 0

DAY = 22
NUMBER_OF_VEHICLES = 44
1 R 0 -356 120 0
2 R 0 -267 312 0
3 R 0 -68 7 0
4 R 0 -565 0
5 R 0 -207 133 0
6 R 0 -646 0
7 R 0 -653 361 0
8 R 0 -670 645 0
9 R 0 -860 0
10 R 0 -959 0
11 R 0 -982 0
12 R 0 -703 717 0
13 R 0 -94 742 0
14 R 0 -66 211 0
15 R 0 -138 888 0
16 R 0 -296 0
17 R 0 -360 0
18 R 0 -355 339 0
19 R 0 -452 0
20 R 0 -478 0
21 R 0 -166 943 0
22 R 0 -414 0
23 R 0 -639 0
24 R 0 -701 0
25 R 0 -662 0
26 R 0 -829 0
27 R 0 -743 0
28 R 0 -739 0
29 R 0 -810 0
30 R 0 -786 0
31 R 0 -215 0
32 R 0 -289 0
33 R 0 -416 0
34 R 0 -19 0
35 R 0 -223 0
36 R 0 -494 0
37 R 0 -376 0
38 R 0 -378 0
39 R 0 -559 0
40 R 0 -700 0
41 R 0 -761 0
42 R 0 -902 0
43 R 0 -953 0
44 R 0 -821 0

DAY = 23
NUMBER_OF_VEHICLES = 27
1 R 0 -28 187 0
2 R 0 -212 179 0
3 R 0 -582 152 0
4 R 0 -702 253 0
5 R 0 -729 0
6 R 0 -836 0
7 R 0 -405 556 0
8 R 0 -561 849 0
9 R 0 -433 0
10 R 0 -499 0
11 R 0 -667 0
12 R 0 -570 0
13 R 0 -583 0
14 R 0 -613 0
15 R 0 -616 0
16 R 0 -785 0
17 R 0 -827 0
18 R 0 -855 0
19 R 0 -889 0
20 R 0 -995 0
21 R 0 -120 0
22 R 0 -312 0
23 R 0 -7 0
24 R 0 -361 0
25 R 0 -742 0
26 R 0 -888 0
27 R 0 -943 0

DAY = 24
NUMBER_OF_VEHICLES = 15
1 R 0 -359 0
2 R 0 -634 0
3 R 0 -877 0
4 R 0 -945 0
5 R 0 -133 0
6 R 0 -645 0
7 R 0 -717 0
8 R 0 -211 0
9 R 0 -339 0
10 R 0 -187 0
11 R 0 -179 0
12 R 0 -152 0
13 R 0 -253 0
14 R 0 -556 0
15 R 0 -849 0

