DATASET = All time best instance set VeRoLog competition
NAME = tools over vehicle days over vehicles over distance with 1000 requests over 25 days

DAY = 1
NUMBER_OF_VEHICLES = 50
1 R 0 9 0
2 R 0 12 0
3 R 0 23 0
4 R 0 28 0
5 R 0 75 0
6 R 0 80 0
7 R 0 83 0
8 R 0 103 0
9 R 0 119 0
10 R 0 126 0
11 R 0 129 0
12 R 0 157 0
13 R 0 182 0
14 R 0 192 0
15 R 0 195 0
16 R 0 200 0
17 R 0 203 0
18 R 0 211 0
19 R 0 224 0
20 R 0 232 0
21 R 0 299 0
22 R 0 303 0
23 R 0 304 0
24 R 0 374 0
25 R 0 376 0
26 R 0 381 0
27 R 0 399 0
28 R 0 403 0
29 R 0 467 0
30 R 0 536 0
31 R 0 566 0
32 R 0 580 0
33 R 0 584 0
34 R 0 592 0
35 R 0 613 0
36 R 0 656 0
37 R 0 673 0
38 R 0 685 0
39 R 0 701 0
40 R 0 727 0
41 R 0 743 0
42 R 0 804 0
43 R 0 805 0
44 R 0 839 0
45 R 0 855 0
46 R 0 888 0
47 R 0 889 0
48 R 0 903 0
49 R 0 972 0
50 R 0 994 0

DAY = 2
NUMBER_OF_VEHICLES = 51
1 R 0 -28 29 0
2 R 0 -80 2 0
3 R 0 -129 100 0
4 R 0 -157 260 0
5 R 0 -192 42 0
6 R 0 -200 430 0
7 R 0 -224 589 0
8 R 0 -232 692 0
9 R 0 -303 39 0
10 R 0 -304 133 0
11 R 0 -374 3 0
12 R 0 -376 788 0
13 R 0 -403 821 0
14 R 0 -580 73 0
15 R 0 -685 21 0
16 R 0 -727 230 0
17 R 0 -743 309 0
18 R 0 -839 368 0
19 R 0 -889 410 0
20 R 0 -903 258 0
21 R 0 -972 413 0
22 R 0 -994 863 0
23 R 0 82 0
24 R 0 146 0
25 R 0 152 0
26 R 0 171 0
27 R 0 442 0
28 R 0 455 0
29 R 0 514 0
30 R 0 546 0
31 R 0 548 0
32 R 0 574 0
33 R 0 590 0
34 R 0 593 0
35 R 0 669 0
36 R 0 715 0
37 R 0 726 0
38 R 0 729 0
39 R 0 756 0
40 R 0 781 0
41 R 0 884 0
42 R 0 904 0
43 R 0 910 0
44 R 0 917 0
45 R 0 929 0
46 R 0 932 0
47 R 0 946 0
48 R 0 979 0
49 R 0 984 0
50 R 0 990 0
51 R 0 993 0

DAY = 3
NUMBER_OF_VEHICLES = 52
1 R 0 -9 48 0
2 R 0 -12 0
3 R 0 -119 92 0
4 R 0 -126 122 0
5 R 0 -195 207 0
6 R 0 -211 219 0
7 R 0 -381 4 0
8 R 0 -566 138 0
9 R 0 -592 160 0
10 R 0 -613 163 0
11 R 0 -673 164 0
12 R 0 -855 477 0
13 R 0 -29 520 0
14 R 0 -2 70 0
15 R 0 -100 105 0
16 R 0 -260 140 0
17 R 0 -589 188 0
18 R 0 -692 339 0
19 R 0 -3 324 0
20 R 0 -788 355 0
21 R 0 -821 563 0
22 R 0 -230 447 0
23 R 0 -368 506 0
24 R 0 -410 525 0
25 R 0 -258 581 0
26 R 0 -413 780 0
27 R 0 -669 554 0
28 R 0 -715 184 0
29 R 0 -781 850 0
30 R 0 -904 225 0
31 R 0 -910 856 0
32 R 0 -932 0
33 R 0 -946 611 0
34 R 0 -979 0
35 R 0 -984 0
36 R 0 365 0
37 R 0 372 0
38 R 0 476 0
39 R 0 511 0
40 R 0 547 0
41 R 0 651 0
42 R 0 733 0
43 R 0 750 0
44 R 0 764 0
45 R 0 800 0
46 R 0 835 0
47 R 0 840 0
48 R 0 858 0
49 R 0 865 0
50 R 0 871 0
51 R 0 899 0
52 R 0 989 0

DAY = 4
NUMBER_OF_VEHICLES = 71
1 R 0 -23 76 0
2 R 0 -75 398 0
3 R 0 -83 77 0
4 R 0 -103 18 0
5 R 0 -182 407 0
6 R 0 -203 437 0
7 R 0 -299 81 0
8 R 0 -399 526 0
9 R 0 -467 682 0
10 R 0 -536 798 0
11 R 0 -584 941 0
12 R 0 -656 8 0
13 R 0 -701 0
14 R 0 -804 0
15 R 0 -805 148 0
16 R 0 -888 38 0
17 R 0 -42 51 0
18 R 0 -133 74 0
19 R 0 -73 0
20 R 0 -309 212 0
21 R 0 -863 35 0
22 R 0 -82 0
23 R 0 -152 0
24 R 0 -171 0
25 R 0 -455 0
26 R 0 -514 0
27 R 0 -546 0
28 R 0 -726 142 0
29 R 0 -729 154 0
30 R 0 -756 0
31 R 0 -990 175 0
32 R 0 -993 248 0
33 R 0 -48 0
34 R 0 -4 47 0
35 R 0 -138 384 0
36 R 0 -324 385 0
37 R 0 -447 807 0
38 R 0 -506 820 0
39 R 0 -184 0
40 R 0 -611 853 0
41 R 0 -365 0
42 R 0 -372 0
43 R 0 -547 0
44 R 0 -750 867 0
45 R 0 -764 0
46 R 0 -989 970 0
47 R 0 64 0
48 R 0 99 0
49 R 0 165 0
50 R 0 239 0
51 R 0 264 0
52 R 0 277 0
53 R 0 279 0
54 R 0 318 0
55 R 0 352 0
56 R 0 484 0
57 R 0 496 0
58 R 0 518 0
59 R 0 539 0
60 R 0 610 0
61 R 0 731 0
62 R 0 746 0
63 R 0 753 0
64 R 0 797 0
65 R 0 811 0
66 R 0 818 0
67 R 0 827 0
68 R 0 911 0
69 R 0 928 0
70 R 0 996 0
71 R 0 998 0

DAY = 5
NUMBER_OF_VEHICLES = 52
1 R 0 -430 730 0
2 R 0 -39 141 0
3 R 0 -21 131 0
4 R 0 -146 155 0
5 R 0 -442 327 0
6 R 0 -548 173 0
7 R 0 -574 386 0
8 R 0 -590 227 0
9 R 0 -593 113 0
10 R 0 -884 752 0
11 R 0 -917 118 0
12 R 0 -929 193 0
13 R 0 -122 237 0
14 R 0 -219 375 0
15 R 0 -160 494 0
16 R 0 -163 497 0
17 R 0 -140 845 0
18 R 0 -581 444 0
19 R 0 -780 495 0
20 R 0 -225 532 0
21 R 0 -476 716 0
22 R 0 -733 245 0
23 R 0 -800 824 0
24 R 0 -858 267 0
25 R 0 -398 847 0
26 R 0 -682 872 0
27 R 0 -8 0
28 R 0 -38 538 0
29 R 0 -74 786 0
30 R 0 -142 816 0
31 R 0 -384 341 0
32 R 0 -853 435 0
33 R 0 -99 864 0
34 R 0 -484 0
35 R 0 -496 0
36 R 0 -518 0
37 R 0 -610 870 0
38 R 0 -753 874 0
39 R 0 -811 935 0
40 R 0 -827 877 0
41 R 0 -911 931 0
42 R 0 504 0
43 R 0 825 0
44 R 0 875 0
45 R 0 891 0
46 R 0 897 0
47 R 0 898 0
48 R 0 916 0
49 R 0 933 0
50 R 0 955 0
51 R 0 964 0
52 R 0 978 0

DAY = 6
NUMBER_OF_VEHICLES = 62
1 R 0 -92 58 0
2 R 0 -207 15 0
3 R 0 -164 220 0
4 R 0 -477 55 0
5 R 0 -520 57 0
6 R 0 -70 178 0
7 R 0 -105 271 0
8 R 0 -188 289 0
9 R 0 -339 359 0
10 R 0 -355 509 0
11 R 0 -563 591 0
12 R 0 -525 241 0
13 R 0 -554 404 0
14 R 0 -850 72 0
15 R 0 -856 205 0
16 R 0 -511 226 0
17 R 0 -651 463 0
18 R 0 -835 282 0
19 R 0 -840 354 0
20 R 0 -865 776 0
21 R 0 -871 808 0
22 R 0 -899 851 0
23 R 0 -407 396 0
24 R 0 -437 397 0
25 R 0 -526 420 0
26 R 0 -148 545 0
27 R 0 -51 344 0
28 R 0 -212 553 0
29 R 0 -35 925 0
30 R 0 -175 390 0
31 R 0 -248 615 0
32 R 0 -47 997 0
33 R 0 -807 630 0
34 R 0 -820 655 0
35 R 0 -970 886 0
36 R 0 -64 0
37 R 0 -277 0
38 R 0 -318 654 0
39 R 0 -539 0
40 R 0 -731 0
41 R 0 -746 703 0
42 R 0 -818 0
43 R 0 -998 944 0
44 R 0 -730 0
45 R 0 -327 450 0
46 R 0 -227 0
47 R 0 -118 706 0
48 R 0 -237 719 0
49 R 0 -267 0
50 R 0 -847 457 0
51 R 0 -872 519 0
52 R 0 -435 0
53 R 0 -870 759 0
54 R 0 -935 0
55 R 0 -891 0
56 R 0 -964 790 0
57 R 0 537 0
58 R 0 659 0
59 R 0 783 0
60 R 0 813 0
61 R 0 930 0
62 R 0 943 0

DAY = 7
NUMBER_OF_VEHICLES = 55
1 R 0 -76 96 0
2 R 0 -77 25 0
3 R 0 -18 234 0
4 R 0 -81 453 0
5 R 0 -798 153 0
6 R 0 -941 0
7 R 0 -154 45 0
8 R 0 -385 491 0
9 R 0 -867 551 0
10 R 0 -165 298 0
11 R 0 -239 338 0
12 R 0 -264 470 0
13 R 0 -279 311 0
14 R 0 -352 521 0
15 R 0 -797 389 0
16 R 0 -928 0
17 R 0 -996 541 0
18 R 0 -155 0
19 R 0 -113 460 0
20 R 0 -752 595 0
21 R 0 -193 480 0
22 R 0 -497 415 0
23 R 0 -444 540 0
24 R 0 -495 576 0
25 R 0 -716 432 0
26 R 0 -824 466 0
27 R 0 -538 635 0
28 R 0 -816 663 0
29 R 0 -897 534 0
30 R 0 -916 736 0
31 R 0 -955 565 0
32 R 0 -978 621 0
33 R 0 -58 612 0
34 R 0 -509 625 0
35 R 0 -591 631 0
36 R 0 -205 787 0
37 R 0 -354 792 0
38 R 0 -851 702 0
39 R 0 -420 796 0
40 R 0 -553 661 0
41 R 0 -925 0
42 R 0 -615 881 0
43 R 0 -997 748 0
44 R 0 -654 962 0
45 R 0 -450 844 0
46 R 0 -457 0
47 R 0 -759 976 0
48 R 0 -659 0
49 R 0 -813 0
50 R 0 738 0
51 R 0 765 0
52 R 0 803 0
53 R 0 833 0
54 R 0 841 0
55 R 0 947 0

DAY = 8
NUMBER_OF_VEHICLES = 55
1 R 0 -141 221 0
2 R 0 -131 67 0
3 R 0 -173 107 0
4 R 0 -386 280 0
5 R 0 -375 7 0
6 R 0 -494 346 0
7 R 0 -845 6 0
8 R 0 -532 373 0
9 R 0 -245 176 0
10 R 0 -786 87 0
11 R 0 -341 180 0
12 R 0 -864 27 0
13 R 0 -874 101 0
14 R 0 -877 340 0
15 R 0 -931 343 0
16 R 0 -504 269 0
17 R 0 -825 290 0
18 R 0 -875 0
19 R 0 -898 383 0
20 R 0 -933 357 0
21 R 0 -55 461 0
22 R 0 -57 487 0
23 R 0 -178 104 0
24 R 0 -271 125 0
25 R 0 -359 217 0
26 R 0 -241 458 0
27 R 0 -404 0
28 R 0 -72 645 0
29 R 0 -226 422 0
30 R 0 -397 472 0
31 R 0 -390 647 0
32 R 0 -655 486 0
33 R 0 -706 775 0
34 R 0 -537 473 0
35 R 0 -153 513 0
36 R 0 -491 693 0
37 R 0 -298 257 0
38 R 0 -470 296 0
39 R 0 -311 789 0
40 R 0 -521 394 0
41 R 0 -595 412 0
42 R 0 -480 794 0
43 R 0 -576 815 0
44 R 0 -534 639 0
45 R 0 -612 0
46 R 0 -796 666 0
47 R 0 -881 860 0
48 R 0 -841 414 0
49 R 0 498 0
50 R 0 516 0
51 R 0 559 0
52 R 0 657 0
53 R 0 665 0
54 R 0 740 0
55 R 0 802 0

DAY = 9
NUMBER_OF_VEHICLES = 58
1 R 0 -15 91 0
2 R 0 -220 71 0
3 R 0 -289 66 0
4 R 0 -463 11 0
5 R 0 -282 189 0
6 R 0 -776 335 0
7 R 0 -808 356 0
8 R 0 -396 194 0
9 R 0 -545 266 0
10 R 0 -344 210 0
11 R 0 -630 283 0
12 R 0 -886 313 0
13 R 0 -703 256 0
14 R 0 -944 572 0
15 R 0 -719 263 0
16 R 0 -519 582 0
17 R 0 -790 330 0
18 R 0 -783 634 0
19 R 0 -930 493 0
20 R 0 -943 530 0
21 R 0 -96 760 0
22 R 0 -25 967 0
23 R 0 -45 836 0
24 R 0 -389 892 0
25 R 0 -541 418 0
26 R 0 -460 949 0
27 R 0 -415 761 0
28 R 0 -540 0
29 R 0 -663 0
30 R 0 -565 0
31 R 0 -621 439 0
32 R 0 -702 502 0
33 R 0 -661 0
34 R 0 -748 568 0
35 R 0 -962 0
36 R 0 -844 0
37 R 0 -976 0
38 R 0 -738 0
39 R 0 -765 0
40 R 0 -947 0
41 R 0 -67 0
42 R 0 -346 0
43 R 0 -373 771 0
44 R 0 -87 0
45 R 0 -27 588 0
46 R 0 -101 0
47 R 0 -343 0
48 R 0 -290 0
49 R 0 -775 0
50 R 0 -693 0
51 R 0 -794 0
52 R 0 -665 601 0
53 R 0 620 0
54 R 0 778 0
55 R 0 831 0
56 R 0 890 0
57 R 0 960 0
58 R 0 985 0

DAY = 10
NUMBER_OF_VEHICLES = 49
1 R 0 -234 93 0
2 R 0 -453 115 0
3 R 0 -551 236 0
4 R 0 -338 161 0
5 R 0 -432 95 0
6 R 0 -466 186 0
7 R 0 -635 1 0
8 R 0 -736 321 0
9 R 0 -625 275 0
10 R 0 -631 278 0
11 R 0 -787 22 0
12 R 0 -792 329 0
13 R 0 -803 252 0
14 R 0 -833 469 0
15 R 0 -221 499 0
16 R 0 -107 754 0
17 R 0 -6 320 0
18 R 0 -176 823 0
19 R 0 -180 826 0
20 R 0 -357 942 0
21 R 0 -487 36 0
22 R 0 -458 959 0
23 R 0 -645 128 0
24 R 0 -472 604 0
25 R 0 -647 135 0
26 R 0 -513 687 0
27 R 0 -296 429 0
28 R 0 -414 680 0
29 R 0 -516 705 0
30 R 0 -66 809 0
31 R 0 -356 843 0
32 R 0 -582 777 0
33 R 0 -330 274 0
34 R 0 -634 968 0
35 R 0 -493 297 0
36 R 0 -439 0
37 R 0 -588 0
38 R 0 -620 0
39 R 0 557 0
40 R 0 623 0
41 R 0 628 0
42 R 0 646 0
43 R 0 648 0
44 R 0 658 0
45 R 0 734 0
46 R 0 810 0
47 R 0 880 0
48 R 0 948 0
49 R 0 991 0

DAY = 11
NUMBER_OF_VEHICLES = 66
1 R 0 -280 120 0
2 R 0 -7 24 0
3 R 0 -340 86 0
4 R 0 -269 169 0
5 R 0 -383 366 0
6 R 0 -461 124 0
7 R 0 -104 49 0
8 R 0 -125 243 0
9 R 0 -217 306 0
10 R 0 -422 431 0
11 R 0 -486 179 0
12 R 0 -473 454 0
13 R 0 -257 323 0
14 R 0 -789 198 0
15 R 0 -394 769 0
16 R 0 -412 956 0
17 R 0 -815 292 0
18 R 0 -639 535 0
19 R 0 -666 688 0
20 R 0 -860 312 0
21 R 0 -498 0
22 R 0 -559 0
23 R 0 -657 0
24 R 0 -740 757 0
25 R 0 -802 921 0
26 R 0 -91 371 0
27 R 0 -71 965 0
28 R 0 -189 0
29 R 0 -194 0
30 R 0 -266 197 0
31 R 0 -210 508 0
32 R 0 -313 204 0
33 R 0 -572 319 0
34 R 0 -263 569 0
35 R 0 -530 609 0
36 R 0 -967 332 0
37 R 0 -836 638 0
38 R 0 -771 0
39 R 0 -601 0
40 R 0 -778 0
41 R 0 -890 0
42 R 0 -960 0
43 R 0 -985 0
44 R 0 -95 0
45 R 0 -1 675 0
46 R 0 -329 0
47 R 0 -252 392 0
48 R 0 -823 433 0
49 R 0 -826 474 0
50 R 0 -128 745 0
51 R 0 -687 0
52 R 0 -557 817 0
53 R 0 -658 920 0
54 R 0 -810 0
55 R 0 -948 0
56 R 0 492 0
57 R 0 505 0
58 R 0 562 0
59 R 0 636 0
60 R 0 677 0
61 R 0 699 0
62 R 0 700 0
63 R 0 728 0
64 R 0 832 0
65 R 0 951 0
66 R 0 953 0

DAY = 12
NUMBER_OF_VEHICLES = 51
1 R 0 -11 19 0
2 R 0 -335 342 0
3 R 0 -283 60 0
4 R 0 -256 84 0
5 R 0 -760 185 0
6 R 0 -892 134 0
7 R 0 -418 360 0
8 R 0 -949 159 0
9 R 0 -761 251 0
10 R 0 -502 419 0
11 R 0 -568 510 0
12 R 0 -831 0
13 R 0 -93 512 0
14 R 0 -236 61 0
15 R 0 -321 255 0
16 R 0 -275 594 0
17 R 0 -278 605 0
18 R 0 -754 68 0
19 R 0 -942 114 0
20 R 0 -36 287 0
21 R 0 -959 162 0
22 R 0 -604 261 0
23 R 0 -135 380 0
24 R 0 -429 614 0
25 R 0 -680 686 0
26 R 0 -705 691 0
27 R 0 -843 992 0
28 R 0 -968 262 0
29 R 0 -623 0
30 R 0 -734 462 0
31 R 0 -169 228 0
32 R 0 -366 361 0
33 R 0 -49 0
34 R 0 -179 265 0
35 R 0 -323 0
36 R 0 -198 1000 0
37 R 0 -956 0
38 R 0 -508 0
39 R 0 -204 285 0
40 R 0 -319 0
41 R 0 -638 0
42 R 0 -392 305 0
43 R 0 -492 555 0
44 R 0 -636 608 0
45 R 0 -677 643 0
46 R 0 -700 0
47 R 0 -728 0
48 R 0 367 0
49 R 0 670 0
50 R 0 671 0
51 R 0 819 0

DAY = 13
NUMBER_OF_VEHICLES = 48
1 R 0 -115 121 0
2 R 0 -161 63 0
3 R 0 -186 244 0
4 R 0 -22 56 0
5 R 0 -469 722 0
6 R 0 -499 501 0
7 R 0 -320 79 0
8 R 0 -809 362 0
9 R 0 -777 739 0
10 R 0 -274 139 0
11 R 0 -297 150 0
12 R 0 -628 199 0
13 R 0 -646 440 0
14 R 0 -648 446 0
15 R 0 -880 524 0
16 R 0 -991 668 0
17 R 0 -24 963 0
18 R 0 -124 987 0
19 R 0 -454 975 0
20 R 0 -769 434 0
21 R 0 -535 0
22 R 0 -688 0
23 R 0 -757 0
24 R 0 -921 0
25 R 0 -965 0
26 R 0 -197 905 0
27 R 0 -609 988 0
28 R 0 -675 0
29 R 0 -745 0
30 R 0 -505 940 0
31 R 0 -562 0
32 R 0 -699 0
33 R 0 -832 0
34 R 0 -953 0
35 R 0 -19 0
36 R 0 -84 0
37 R 0 -185 0
38 R 0 -134 0
39 R 0 -360 0
40 R 0 -419 571 0
41 R 0 -510 583 0
42 R 0 -594 689 0
43 R 0 -605 838 0
44 R 0 -686 866 0
45 R 0 -462 0
46 R 0 -305 0
47 R 0 -555 0
48 R 0 -819 0

DAY = 14
NUMBER_OF_VEHICLES = 52
1 R 0 -120 53 0
2 R 0 -86 127 0
3 R 0 -243 41 0
4 R 0 -306 137 0
5 R 0 -431 288 0
6 R 0 -292 272 0
7 R 0 -312 456 0
8 R 0 -371 507 0
9 R 0 -569 596 0
10 R 0 -332 78 0
11 R 0 -433 97 0
12 R 0 -474 166 0
13 R 0 -817 650 0
14 R 0 -920 735 0
15 R 0 -951 284 0
16 R 0 -159 768 0
17 R 0 -251 337 0
18 R 0 -512 246 0
19 R 0 -287 829 0
20 R 0 -261 363 0
21 R 0 -380 885 0
22 R 0 -614 334 0
23 R 0 -1000 0
24 R 0 -608 286 0
25 R 0 -671 421 0
26 R 0 -63 401 0
27 R 0 -56 0
28 R 0 -79 603 0
29 R 0 -739 425 0
30 R 0 -199 0
31 R 0 -440 0
32 R 0 -524 0
33 R 0 -988 0
34 R 0 -571 653 0
35 R 0 -838 721 0
36 R 0 293 0
37 R 0 307 0
38 R 0 326 0
39 R 0 345 0
40 R 0 483 0
41 R 0 489 0
42 R 0 490 0
43 R 0 529 0
44 R 0 619 0
45 R 0 723 0
46 R 0 779 0
47 R 0 830 0
48 R 0 859 0
49 R 0 926 0
50 R 0 945 0
51 R 0 961 0
52 R 0 981 0

DAY = 15
NUMBER_OF_VEHICLES = 60
1 R 0 -342 0
2 R 0 -60 16 0
3 R 0 -61 98 0
4 R 0 -255 62 0
5 R 0 -68 112 0
6 R 0 -114 156 0
7 R 0 -162 170 0
8 R 0 -691 14 0
9 R 0 -992 54 0
10 R 0 -262 94 0
11 R 0 -228 229 0
12 R 0 -361 215 0
13 R 0 -265 0
14 R 0 -285 301 0
15 R 0 -643 353 0
16 R 0 -367 281 0
17 R 0 -670 395 0
18 R 0 -501 449 0
19 R 0 -362 158 0
20 R 0 -668 109 0
21 R 0 -987 110 0
22 R 0 -975 471 0
23 R 0 -940 370 0
24 R 0 -272 208 0
25 R 0 -456 254 0
26 R 0 -78 438 0
27 R 0 -97 500 0
28 R 0 -650 270 0
29 R 0 -768 405 0
30 R 0 -337 577 0
31 R 0 -334 168 0
32 R 0 -286 696 0
33 R 0 -721 0
34 R 0 -293 742 0
35 R 0 -307 980 0
36 R 0 -326 0
37 R 0 -489 0
38 R 0 -490 749 0
39 R 0 -723 868 0
40 R 0 -981 922 0
41 R 0 216 0
42 R 0 317 0
43 R 0 349 0
44 R 0 391 0
45 R 0 406 0
46 R 0 416 0
47 R 0 436 0
48 R 0 452 0
49 R 0 468 0
50 R 0 556 0
51 R 0 652 0
52 R 0 660 0
53 R 0 672 0
54 R 0 741 0
55 R 0 791 0
56 R 0 837 0
57 R 0 887 0
58 R 0 894 0
59 R 0 896 0
60 R 0 958 0

DAY = 16
NUMBER_OF_VEHICLES = 57
1 R 0 -121 33 0
2 R 0 -244 5 0
3 R 0 -722 43 0
4 R 0 -139 187 0
5 R 0 -150 190 0
6 R 0 -446 201 0
7 R 0 -963 314 0
8 R 0 -434 276 0
9 R 0 -905 108 0
10 R 0 -583 315 0
11 R 0 -689 0
12 R 0 -866 475 0
13 R 0 -137 560 0
14 R 0 -507 464 0
15 R 0 -596 522 0
16 R 0 -166 123 0
17 R 0 -735 558 0
18 R 0 -284 0
19 R 0 -421 26 0
20 R 0 -401 597 0
21 R 0 -653 598 0
22 R 0 -345 145 0
23 R 0 -483 223 0
24 R 0 -529 300 0
25 R 0 -619 90 0
26 R 0 -830 393 0
27 R 0 -926 542 0
28 R 0 -961 617 0
29 R 0 -16 717 0
30 R 0 -98 0
31 R 0 -215 369 0
32 R 0 -301 0
33 R 0 -449 564 0
34 R 0 -158 644 0
35 R 0 -110 586 0
36 R 0 -370 0
37 R 0 -208 678 0
38 R 0 -254 799 0
39 R 0 -405 814 0
40 R 0 -868 616 0
41 R 0 -349 684 0
42 R 0 -416 712 0
43 R 0 -468 869 0
44 R 0 -556 893 0
45 R 0 -837 912 0
46 R 0 -887 937 0
47 R 0 -958 939 0
48 R 0 641 0
49 R 0 694 0
50 R 0 732 0
51 R 0 751 0
52 R 0 767 0
53 R 0 772 0
54 R 0 812 0
55 R 0 873 0
56 R 0 906 0
57 R 0 977 0

DAY = 17
NUMBER_OF_VEHICLES = 53
1 R 0 -53 17 0
2 R 0 -127 379 0
3 R 0 -41 143 0
4 R 0 -288 85 0
5 R 0 -246 172 0
6 R 0 -829 382 0
7 R 0 -363 132 0
8 R 0 -885 427 0
9 R 0 -603 191 0
10 R 0 -425 144 0
11 R 0 -779 465 0
12 R 0 -859 117 0
13 R 0 -945 782 0
14 R 0 -170 218 0
15 R 0 -54 861 0
16 R 0 -229 294 0
17 R 0 -281 177 0
18 R 0 -471 249 0
19 R 0 -438 308 0
20 R 0 -168 0
21 R 0 -696 348 0
22 R 0 -749 0
23 R 0 -216 0
24 R 0 -317 0
25 R 0 -391 0
26 R 0 -406 711 0
27 R 0 -452 0
28 R 0 -672 0
29 R 0 -896 714 0
30 R 0 -5 268 0
31 R 0 -314 938 0
32 R 0 -560 0
33 R 0 -598 0
34 R 0 -300 378 0
35 R 0 -393 424 0
36 R 0 -617 0
37 R 0 -869 0
38 R 0 -641 302 0
39 R 0 -694 402 0
40 R 0 -732 622 0
41 R 0 -772 0
42 R 0 515 0
43 R 0 527 0
44 R 0 550 0
45 R 0 690 0
46 R 0 704 0
47 R 0 718 0
48 R 0 806 0
49 R 0 876 0
50 R 0 914 0
51 R 0 927 0
52 R 0 957 0
53 R 0 966 0

DAY = 18
NUMBER_OF_VEHICLES = 64
1 R 0 -62 0
2 R 0 -112 40 0
3 R 0 -156 167 0
4 R 0 -14 20 0
5 R 0 -94 13 0
6 R 0 -353 202 0
7 R 0 -395 149 0
8 R 0 -109 222 0
9 R 0 -500 233 0
10 R 0 -270 247 0
11 R 0 -577 310 0
12 R 0 -742 316 0
13 R 0 -980 417 0
14 R 0 -922 445 0
15 R 0 -436 34 0
16 R 0 -652 295 0
17 R 0 -660 250 0
18 R 0 -741 423 0
19 R 0 -791 325 0
20 R 0 -894 627 0
21 R 0 -43 441 0
22 R 0 -187 801 0
23 R 0 -201 828 0
24 R 0 -276 629 0
25 R 0 -464 854 0
26 R 0 -123 443 0
27 R 0 -597 676 0
28 R 0 -90 479 0
29 R 0 -542 575 0
30 R 0 -717 679 0
31 R 0 -369 552 0
32 R 0 -644 697 0
33 R 0 -678 0
34 R 0 -799 0
35 R 0 -814 0
36 R 0 -684 849 0
37 R 0 -712 0
38 R 0 -937 0
39 R 0 -751 0
40 R 0 -767 0
41 R 0 -873 599 0
42 R 0 -906 0
43 R 0 -977 0
44 R 0 -17 606 0
45 R 0 -143 0
46 R 0 -85 642 0
47 R 0 -172 0
48 R 0 -382 0
49 R 0 -191 0
50 R 0 -465 0
51 R 0 -861 0
52 R 0 -294 0
53 R 0 -249 674 0
54 R 0 -308 0
55 R 0 -711 0
56 R 0 -527 0
57 R 0 -550 0
58 R 0 -718 698 0
59 R 0 -914 0
60 R 0 -927 795 0
61 R 0 846 0
62 R 0 952 0
63 R 0 971 0
64 R 0 995 0

DAY = 19
NUMBER_OF_VEHICLES = 64
1 R 0 -33 52 0
2 R 0 -190 10 0
3 R 0 -108 88 0
4 R 0 -315 259 0
5 R 0 -475 426 0
6 R 0 -522 130 0
7 R 0 -558 206 0
8 R 0 -26 44 0
9 R 0 -145 238 0
10 R 0 -223 242 0
11 R 0 -564 147 0
12 R 0 -586 235 0
13 R 0 -616 411 0
14 R 0 -893 388 0
15 R 0 -912 428 0
16 R 0 -939 459 0
17 R 0 -812 488 0
18 R 0 -144 482 0
19 R 0 -218 253 0
20 R 0 -714 481 0
21 R 0 -302 549 0
22 R 0 -806 570 0
23 R 0 -957 664 0
24 R 0 -167 333 0
25 R 0 -20 602 0
26 R 0 -149 915 0
27 R 0 -310 0
28 R 0 -34 649 0
29 R 0 -295 624 0
30 R 0 -325 695 0
31 R 0 -627 707 0
32 R 0 -854 747 0
33 R 0 -443 350 0
34 R 0 -479 0
35 R 0 -575 358 0
36 R 0 -642 0
37 R 0 -674 0
38 R 0 -795 0
39 R 0 -846 0
40 R 0 543 0
41 R 0 585 0
42 R 0 587 0
43 R 0 607 0
44 R 0 708 0
45 R 0 709 0
46 R 0 713 0
47 R 0 724 0
48 R 0 725 0
49 R 0 763 0
50 R 0 852 0
51 R 0 857 0
52 R 0 878 0
53 R 0 902 0
54 R 0 907 0
55 R 0 908 0
56 R 0 909 0
57 R 0 919 0
58 R 0 923 0
59 R 0 924 0
60 R 0 934 0
61 R 0 936 0
62 R 0 982 0
63 R 0 983 0
64 R 0 986 0

DAY = 20
NUMBER_OF_VEHICLES = 62
1 R 0 -379 31 0
2 R 0 -132 528 0
3 R 0 -427 50 0
4 R 0 -117 30 0
5 R 0 -782 37 0
6 R 0 -177 744 0
7 R 0 -348 174 0
8 R 0 -268 774 0
9 R 0 -938 59 0
10 R 0 -378 273 0
11 R 0 -424 331 0
12 R 0 -402 784 0
13 R 0 -622 879 0
14 R 0 -515 347 0
15 R 0 -690 387 0
16 R 0 -704 0
17 R 0 -876 0
18 R 0 -966 578 0
19 R 0 -40 766 0
20 R 0 -13 0
21 R 0 -222 89 0
22 R 0 -233 793 0
23 R 0 -247 136 0
24 R 0 -417 822 0
25 R 0 -445 0
26 R 0 -441 901 0
27 R 0 -801 151 0
28 R 0 -629 102 0
29 R 0 -679 0
30 R 0 -552 0
31 R 0 -849 106 0
32 R 0 -599 0
33 R 0 -952 0
34 R 0 -971 0
35 R 0 -995 0
36 R 0 -88 0
37 R 0 -259 116 0
38 R 0 -426 400 0
39 R 0 -147 0
40 R 0 -235 213 0
41 R 0 -253 0
42 R 0 -570 0
43 R 0 -664 0
44 R 0 -707 408 0
45 R 0 -350 0
46 R 0 -708 0
47 R 0 -763 328 0
48 R 0 -852 0
49 R 0 -908 0
50 R 0 -909 478 0
51 R 0 -919 755 0
52 R 0 -924 834 0
53 R 0 -982 485 0
54 R 0 523 0
55 R 0 561 0
56 R 0 633 0
57 R 0 667 0
58 R 0 762 0
59 R 0 900 0
60 R 0 918 0
61 R 0 954 0
62 R 0 973 0

DAY = 21
NUMBER_OF_VEHICLES = 46
1 R 0 -202 46 0
2 R 0 -316 65 0
3 R 0 -250 364 0
4 R 0 -423 0
5 R 0 -828 351 0
6 R 0 -676 0
7 R 0 -697 0
8 R 0 -606 181 0
9 R 0 -698 214 0
10 R 0 -10 533 0
11 R 0 -206 573 0
12 R 0 -411 409 0
13 R 0 -488 0
14 R 0 -481 626 0
15 R 0 -549 451 0
16 R 0 -333 0
17 R 0 -915 531 0
18 R 0 -649 0
19 R 0 -624 632 0
20 R 0 -747 640 0
21 R 0 -358 111 0
22 R 0 -607 183 0
23 R 0 -713 0
24 R 0 -878 231 0
25 R 0 -983 0
26 R 0 -59 681 0
27 R 0 -347 544 0
28 R 0 -578 600 0
29 R 0 -89 785 0
30 R 0 -901 618 0
31 R 0 -151 950 0
32 R 0 -106 0
33 R 0 -834 0
34 R 0 -523 0
35 R 0 -561 0
36 R 0 -633 0
37 R 0 -900 0
38 R 0 567 0
39 R 0 637 0
40 R 0 683 0
41 R 0 710 0
42 R 0 770 0
43 R 0 848 0
44 R 0 913 0
45 R 0 969 0
46 R 0 999 0

DAY = 22
NUMBER_OF_VEHICLES = 60
1 R 0 -52 336 0
2 R 0 -130 69 0
3 R 0 -44 32 0
4 R 0 -238 448 0
5 R 0 -242 579 0
6 R 0 -388 209 0
7 R 0 -428 240 0
8 R 0 -459 0
9 R 0 -482 517 0
10 R 0 -602 662 0
11 R 0 -695 0
12 R 0 -543 720 0
13 R 0 -585 895 0
14 R 0 -587 0
15 R 0 -709 0
16 R 0 -724 737 0
17 R 0 -725 0
18 R 0 -857 882 0
19 R 0 -902 0
20 R 0 -907 0
21 R 0 -923 0
22 R 0 -934 0
23 R 0 -936 0
24 R 0 -986 0
25 R 0 -31 0
26 R 0 -528 758 0
27 R 0 -50 0
28 R 0 -30 0
29 R 0 -744 773 0
30 R 0 -174 0
31 R 0 -879 0
32 R 0 -387 0
33 R 0 -793 0
34 R 0 -136 0
35 R 0 -822 0
36 R 0 -400 974 0
37 R 0 -408 0
38 R 0 -478 0
39 R 0 -755 0
40 R 0 -485 0
41 R 0 -667 0
42 R 0 -762 0
43 R 0 -954 0
44 R 0 -973 0
45 R 0 -46 0
46 R 0 -65 0
47 R 0 -364 0
48 R 0 -351 0
49 R 0 -533 0
50 R 0 -573 0
51 R 0 -626 0
52 R 0 -451 0
53 R 0 -531 0
54 R 0 -632 0
55 R 0 -231 0
56 R 0 -544 0
57 R 0 -785 0
58 R 0 -567 0
59 R 0 -683 0
60 R 0 -969 0

DAY = 23
NUMBER_OF_VEHICLES = 29
1 R 0 -37 291 0
2 R 0 -774 0
3 R 0 -273 196 0
4 R 0 -331 377 0
5 R 0 -784 0
6 R 0 -766 0
7 R 0 -102 322 0
8 R 0 -116 883 0
9 R 0 -213 503 0
10 R 0 -328 842 0
11 R 0 -918 862 0
12 R 0 -214 0
13 R 0 -409 0
14 R 0 -111 0
15 R 0 -950 0
16 R 0 -637 0
17 R 0 -770 0
18 R 0 -913 0
19 R 0 -999 0
20 R 0 -32 0
21 R 0 -448 0
22 R 0 -209 0
23 R 0 -240 0
24 R 0 -517 0
25 R 0 -662 0
26 R 0 -895 0
27 R 0 -882 0
28 R 0 -758 0
29 R 0 -773 0

DAY = 24
NUMBER_OF_VEHICLES = 22
1 R 0 -181 0
2 R 0 -640 0
3 R 0 -183 0
4 R 0 -681 0
5 R 0 -600 0
6 R 0 -618 0
7 R 0 -710 0
8 R 0 -848 0
9 R 0 -336 0
10 R 0 -69 0
11 R 0 -579 0
12 R 0 -720 0
13 R 0 -737 0
14 R 0 -974 0
15 R 0 -291 0
16 R 0 -196 0
17 R 0 -377 0
18 R 0 -322 0
19 R 0 -883 0
20 R 0 -503 0
21 R 0 -842 0
22 R 0 -862 0

