DATASET = All time best instance set VeRoLog competition
NAME = tools over distance over vehicle days over vehicles with 100 requests over 10 days

DAY = 1
NUMBER_OF_VEHICLES = 18
1 R 0 4 0
2 R 0 5 0
3 R 0 8 0
4 R 0 11 0
5 R 0 19 0
6 R 0 44 0
7 R 0 50 0
8 R 0 53 0
9 R 0 56 0
10 R 0 59 0
11 R 0 63 0
12 R 0 64 0
13 R 0 67 0
14 R 0 70 0
15 R 0 73 0
16 R 0 74 0
17 R 0 84 0
18 R 0 90 0

DAY = 2
NUMBER_OF_VEHICLES = 20
1 R 0 -8 7 0
2 R 0 -11 12 0
3 R 0 -19 23 0
4 R 0 -44 39 0
5 R 0 -53 0
6 R 0 -70 51 0
7 R 0 -84 26 0
8 R 0 22 0
9 R 0 35 0
10 R 0 57 0
11 R 0 58 0
12 R 0 60 0
13 R 0 66 0
14 R 0 68 0
15 R 0 71 0
16 R 0 72 0
17 R 0 88 0
18 R 0 91 0
19 R 0 92 0
20 R 0 99 0

DAY = 3
NUMBER_OF_VEHICLES = 18
1 R 0 -4 14 0
2 R 0 -74 2 0
3 R 0 -7 24 0
4 R 0 -35 75 0
5 R 0 -58 81 0
6 R 0 -68 87 0
7 R 0 -71 93 0
8 R 0 15 0
9 R 0 21 0
10 R 0 29 0
11 R 0 37 0
12 R 0 47 0
13 R 0 49 0
14 R 0 65 0
15 R 0 77 0
16 R 0 82 0
17 R 0 89 0
18 R 0 94 0

DAY = 4
NUMBER_OF_VEHICLES = 26
1 R 0 -5 13 0
2 R 0 -50 1 0
3 R 0 -56 34 0
4 R 0 -59 20 0
5 R 0 -63 38 0
6 R 0 -64 28 0
7 R 0 -67 30 0
8 R 0 -73 40 0
9 R 0 -90 36 0
10 R 0 -23 55 0
11 R 0 -51 76 0
12 R 0 -26 45 0
13 R 0 -57 0
14 R 0 -60 61 0
15 R 0 -88 0
16 R 0 -92 79 0
17 R 0 -99 0
18 R 0 -24 95 0
19 R 0 -81 100 0
20 R 0 -15 0
21 R 0 -21 86 0
22 R 0 -29 0
23 R 0 -37 0
24 R 0 -65 0
25 R 0 -77 0
26 R 0 -82 0

DAY = 5
NUMBER_OF_VEHICLES = 19
1 R 0 -12 62 0
2 R 0 -39 3 0
3 R 0 -22 78 0
4 R 0 -66 0
5 R 0 -72 0
6 R 0 -91 0
7 R 0 -87 32 0
8 R 0 -47 17 0
9 R 0 -94 0
10 R 0 -13 42 0
11 R 0 -1 0
12 R 0 -34 0
13 R 0 -28 83 0
14 R 0 -30 0
15 R 0 -76 0
16 R 0 -45 54 0
17 R 0 -79 0
18 R 0 -86 0
19 R 0 85 0

DAY = 6
NUMBER_OF_VEHICLES = 15
1 R 0 -14 31 0
2 R 0 -2 6 0
3 R 0 -75 16 0
4 R 0 -93 0
5 R 0 -49 41 0
6 R 0 -89 46 0
7 R 0 -20 18 0
8 R 0 -40 69 0
9 R 0 -100 25 0
10 R 0 -32 0
11 R 0 -83 0
12 R 0 -54 0
13 R 0 96 0
14 R 0 97 0
15 R 0 98 0

DAY = 7
NUMBER_OF_VEHICLES = 15
1 R 0 -38 9 0
2 R 0 -36 10 0
3 R 0 -55 43 0
4 R 0 -61 33 0
5 R 0 -95 0
6 R 0 -78 27 0
7 R 0 -17 0
8 R 0 -42 0
9 R 0 -85 0
10 R 0 -16 0
11 R 0 -69 0
12 R 0 -25 0
13 R 0 -97 0
14 R 0 48 0
15 R 0 80 0

DAY = 8
NUMBER_OF_VEHICLES = 13
1 R 0 -62 0
2 R 0 -3 0
3 R 0 -31 0
4 R 0 -41 0
5 R 0 -46 0
6 R 0 -18 0
7 R 0 -96 0
8 R 0 -98 0
9 R 0 -43 0
10 R 0 -33 52 0
11 R 0 -27 0
12 R 0 -48 0
13 R 0 -80 0

DAY = 9
NUMBER_OF_VEHICLES = 4
1 R 0 -6 0
2 R 0 -9 0
3 R 0 -10 0
4 R 0 -52 0

