DATASET = All time best instance set VeRoLog competition
NAME = tools over distance over vehicle days over vehicles with 1000 requests over 30 days

DAY = 1
NUMBER_OF_VEHICLES = 36
1 R 0 14 0
2 R 0 62 0
3 R 0 68 0
4 R 0 84 0
5 R 0 112 0
6 R 0 161 0
7 R 0 196 0
8 R 0 230 0
9 R 0 250 0
10 R 0 294 0
11 R 0 339 0
12 R 0 362 0
13 R 0 367 0
14 R 0 387 0
15 R 0 392 0
16 R 0 406 0
17 R 0 420 0
18 R 0 426 0
19 R 0 448 0
20 R 0 524 0
21 R 0 545 0
22 R 0 596 0
23 R 0 616 0
24 R 0 632 0
25 R 0 635 0
26 R 0 692 0
27 R 0 752 0
28 R 0 777 0
29 R 0 782 0
30 R 0 783 0
31 R 0 793 0
32 R 0 796 0
33 R 0 828 0
34 R 0 883 0
35 R 0 893 0
36 R 0 956 0

DAY = 2
NUMBER_OF_VEHICLES = 39
1 R 0 -62 281 0
2 R 0 -68 70 0
3 R 0 -161 144 0
4 R 0 -196 91 0
5 R 0 -230 365 0
6 R 0 -387 176 0
7 R 0 -392 92 0
8 R 0 -420 0
9 R 0 -426 380 0
10 R 0 -752 494 0
11 R 0 -782 97 0
12 R 0 -796 527 0
13 R 0 -828 109 0
14 R 0 -893 115 0
15 R 0 276 0
16 R 0 352 0
17 R 0 384 0
18 R 0 388 0
19 R 0 393 0
20 R 0 397 0
21 R 0 440 0
22 R 0 477 0
23 R 0 501 0
24 R 0 519 0
25 R 0 585 0
26 R 0 590 0
27 R 0 639 0
28 R 0 641 0
29 R 0 652 0
30 R 0 659 0
31 R 0 707 0
32 R 0 791 0
33 R 0 811 0
34 R 0 863 0
35 R 0 872 0
36 R 0 884 0
37 R 0 940 0
38 R 0 955 0
39 R 0 981 0

DAY = 3
NUMBER_OF_VEHICLES = 37
1 R 0 -112 5 0
2 R 0 -294 184 0
3 R 0 -545 46 0
4 R 0 -616 61 0
5 R 0 -632 245 0
6 R 0 -635 247 0
7 R 0 -692 509 0
8 R 0 -793 249 0
9 R 0 -883 298 0
10 R 0 -281 47 0
11 R 0 -365 72 0
12 R 0 -92 461 0
13 R 0 -494 512 0
14 R 0 -276 514 0
15 R 0 -352 703 0
16 R 0 -384 714 0
17 R 0 -440 718 0
18 R 0 -477 770 0
19 R 0 -501 821 0
20 R 0 -639 98 0
21 R 0 -641 930 0
22 R 0 -791 211 0
23 R 0 -863 266 0
24 R 0 293 0
25 R 0 312 0
26 R 0 444 0
27 R 0 513 0
28 R 0 600 0
29 R 0 614 0
30 R 0 758 0
31 R 0 764 0
32 R 0 790 0
33 R 0 800 0
34 R 0 814 0
35 R 0 857 0
36 R 0 941 0
37 R 0 946 0

DAY = 4
NUMBER_OF_VEHICLES = 54
1 R 0 -14 0
2 R 0 -84 10 0
3 R 0 -250 120 0
4 R 0 -339 4 0
5 R 0 -362 316 0
6 R 0 -367 336 0
7 R 0 -406 21 0
8 R 0 -448 88 0
9 R 0 -524 132 0
10 R 0 -596 143 0
11 R 0 -777 373 0
12 R 0 -783 262 0
13 R 0 -956 353 0
14 R 0 -70 140 0
15 R 0 -144 455 0
16 R 0 -109 194 0
17 R 0 -393 222 0
18 R 0 -397 229 0
19 R 0 -585 537 0
20 R 0 -884 0
21 R 0 -955 242 0
22 R 0 -981 465 0
23 R 0 -5 552 0
24 R 0 -245 251 0
25 R 0 -509 571 0
26 R 0 -249 277 0
27 R 0 -47 568 0
28 R 0 -72 579 0
29 R 0 -514 295 0
30 R 0 -703 372 0
31 R 0 -98 0
32 R 0 -930 578 0
33 R 0 -814 849 0
34 R 0 -857 591 0
35 R 0 599 0
36 R 0 612 0
37 R 0 624 0
38 R 0 630 0
39 R 0 638 0
40 R 0 654 0
41 R 0 670 0
42 R 0 706 0
43 R 0 729 0
44 R 0 734 0
45 R 0 749 0
46 R 0 762 0
47 R 0 775 0
48 R 0 780 0
49 R 0 805 0
50 R 0 823 0
51 R 0 853 0
52 R 0 858 0
53 R 0 911 0
54 R 0 958 0

DAY = 5
NUMBER_OF_VEHICLES = 51
1 R 0 -91 74 0
2 R 0 -176 0
3 R 0 -380 103 0
4 R 0 -97 171 0
5 R 0 -527 108 0
6 R 0 -115 0
7 R 0 -388 193 0
8 R 0 -519 284 0
9 R 0 -590 6 0
10 R 0 -652 419 0
11 R 0 -659 216 0
12 R 0 -707 483 0
13 R 0 -811 345 0
14 R 0 -872 35 0
15 R 0 -940 462 0
16 R 0 -184 0
17 R 0 -61 470 0
18 R 0 -247 570 0
19 R 0 -298 665 0
20 R 0 -461 819 0
21 R 0 -714 874 0
22 R 0 -821 896 0
23 R 0 -293 187 0
24 R 0 -444 212 0
25 R 0 -614 226 0
26 R 0 -764 498 0
27 R 0 -790 325 0
28 R 0 -800 658 0
29 R 0 -941 503 0
30 R 0 -946 542 0
31 R 0 -120 753 0
32 R 0 -316 815 0
33 R 0 -143 751 0
34 R 0 -140 909 0
35 R 0 -455 755 0
36 R 0 -222 0
37 R 0 -242 0
38 R 0 -465 838 0
39 R 0 -552 802 0
40 R 0 -277 0
41 R 0 -579 0
42 R 0 -295 0
43 R 0 -372 0
44 R 0 -591 808 0
45 R 0 -630 881 0
46 R 0 -734 957 0
47 R 0 -762 0
48 R 0 -823 0
49 R 0 -853 0
50 R 0 -911 0
51 R 0 994 0

DAY = 6
NUMBER_OF_VEHICLES = 40
1 R 0 -46 65 0
2 R 0 -512 259 0
3 R 0 -718 8 0
4 R 0 -770 53 0
5 R 0 -211 69 0
6 R 0 -266 163 0
7 R 0 -312 164 0
8 R 0 -513 238 0
9 R 0 -600 305 0
10 R 0 -758 264 0
11 R 0 -10 0
12 R 0 -4 328 0
13 R 0 -336 272 0
14 R 0 -21 411 0
15 R 0 -353 427 0
16 R 0 -194 166 0
17 R 0 -229 173 0
18 R 0 -537 460 0
19 R 0 -849 422 0
20 R 0 -624 233 0
21 R 0 -638 347 0
22 R 0 -654 404 0
23 R 0 -706 644 0
24 R 0 -729 409 0
25 R 0 -749 525 0
26 R 0 -858 582 0
27 R 0 -103 698 0
28 R 0 -193 554 0
29 R 0 -284 727 0
30 R 0 -216 919 0
31 R 0 -470 0
32 R 0 -570 0
33 R 0 -819 829 0
34 R 0 -658 715 0
35 R 0 -753 846 0
36 R 0 -751 0
37 R 0 -808 0
38 R 0 854 0
39 R 0 953 0
40 R 0 980 0

DAY = 7
NUMBER_OF_VEHICLES = 44
1 R 0 -88 220 0
2 R 0 -132 320 0
3 R 0 -373 76 0
4 R 0 -262 351 0
5 R 0 -251 303 0
6 R 0 -571 408 0
7 R 0 -568 167 0
8 R 0 -578 377 0
9 R 0 -599 508 0
10 R 0 -612 0
11 R 0 -670 555 0
12 R 0 -775 798 0
13 R 0 -780 379 0
14 R 0 -805 976 0
15 R 0 -958 0
16 R 0 -171 386 0
17 R 0 -108 0
18 R 0 -419 396 0
19 R 0 -345 0
20 R 0 -462 0
21 R 0 -665 434 0
22 R 0 -212 200 0
23 R 0 -226 240 0
24 R 0 -542 0
25 R 0 -957 0
26 R 0 -994 0
27 R 0 -8 450 0
28 R 0 -53 0
29 R 0 -69 0
30 R 0 -238 529 0
31 R 0 -305 0
32 R 0 -427 0
33 R 0 -422 546 0
34 R 0 -233 532 0
35 R 0 -404 567 0
36 R 0 -525 584 0
37 R 0 -554 684 0
38 R 0 -919 0
39 R 0 573 0
40 R 0 649 0
41 R 0 711 0
42 R 0 939 0
43 R 0 949 0
44 R 0 951 0

DAY = 8
NUMBER_OF_VEHICLES = 45
1 R 0 -74 27 0
2 R 0 -6 114 0
3 R 0 -483 28 0
4 R 0 -35 121 0
5 R 0 -874 126 0
6 R 0 -896 165 0
7 R 0 -187 223 0
8 R 0 -498 34 0
9 R 0 -325 0
10 R 0 -503 60 0
11 R 0 -815 0
12 R 0 -909 317 0
13 R 0 -755 71 0
14 R 0 -838 258 0
15 R 0 -802 129 0
16 R 0 -881 153 0
17 R 0 -65 195 0
18 R 0 -163 289 0
19 R 0 -264 359 0
20 R 0 -328 253 0
21 R 0 -411 265 0
22 R 0 -166 526 0
23 R 0 -173 560 0
24 R 0 -409 621 0
25 R 0 -582 564 0
26 R 0 -698 309 0
27 R 0 -727 733 0
28 R 0 -715 617 0
29 R 0 -854 745 0
30 R 0 -980 735 0
31 R 0 -351 0
32 R 0 -408 437 0
33 R 0 -508 486 0
34 R 0 -976 779 0
35 R 0 -386 831 0
36 R 0 -434 889 0
37 R 0 -240 0
38 R 0 -529 932 0
39 R 0 -684 926 0
40 R 0 -573 934 0
41 R 0 -649 0
42 R 0 -939 988 0
43 R 0 837 0
44 R 0 965 0
45 R 0 967 0

DAY = 9
NUMBER_OF_VEHICLES = 38
1 R 0 -259 402 0
2 R 0 -164 11 0
3 R 0 -272 0
4 R 0 -460 576 0
5 R 0 -347 275 0
6 R 0 -644 606 0
7 R 0 -829 318 0
8 R 0 -846 162 0
9 R 0 -953 302 0
10 R 0 -220 536 0
11 R 0 -303 556 0
12 R 0 -377 559 0
13 R 0 -555 623 0
14 R 0 -798 694 0
15 R 0 -379 627 0
16 R 0 -200 395 0
17 R 0 -546 414 0
18 R 0 -567 631 0
19 R 0 -584 646 0
20 R 0 -711 472 0
21 R 0 -951 650 0
22 R 0 -126 708 0
23 R 0 -223 553 0
24 R 0 -317 0
25 R 0 -71 721 0
26 R 0 -289 595 0
27 R 0 -359 760 0
28 R 0 -617 867 0
29 R 0 -926 709 0
30 R 0 -934 978 0
31 R 0 -967 818 0
32 R 0 772 0
33 R 0 851 0
34 R 0 876 0
35 R 0 877 0
36 R 0 937 0
37 R 0 966 0
38 R 0 995 0

DAY = 10
NUMBER_OF_VEHICLES = 40
1 R 0 -320 155 0
2 R 0 -76 135 0
3 R 0 -167 296 0
4 R 0 -396 77 0
5 R 0 -450 170 0
6 R 0 -532 177 0
7 R 0 -949 203 0
8 R 0 -27 306 0
9 R 0 -195 201 0
10 R 0 -265 214 0
11 R 0 -560 716 0
12 R 0 -309 228 0
13 R 0 -733 739 0
14 R 0 -735 778 0
15 R 0 -437 254 0
16 R 0 -486 290 0
17 R 0 -779 301 0
18 R 0 -831 794 0
19 R 0 -889 897 0
20 R 0 -576 350 0
21 R 0 -318 0
22 R 0 -302 304 0
23 R 0 -631 0
24 R 0 -646 0
25 R 0 -650 0
26 R 0 -760 319 0
27 R 0 -709 0
28 R 0 -978 340 0
29 R 0 -818 357 0
30 R 0 -851 0
31 R 0 361 0
32 R 0 436 0
33 R 0 580 0
34 R 0 601 0
35 R 0 675 0
36 R 0 763 0
37 R 0 873 0
38 R 0 887 0
39 R 0 907 0
40 R 0 945 0

DAY = 11
NUMBER_OF_VEHICLES = 48
1 R 0 -114 26 0
2 R 0 -28 9 0
3 R 0 -121 50 0
4 R 0 -165 73 0
5 R 0 -34 78 0
6 R 0 -60 79 0
7 R 0 -258 125 0
8 R 0 -129 118 0
9 R 0 -153 182 0
10 R 0 -253 313 0
11 R 0 -526 239 0
12 R 0 -621 270 0
13 R 0 -564 190 0
14 R 0 -745 273 0
15 R 0 -932 438 0
16 R 0 -988 280 0
17 R 0 -837 403 0
18 R 0 -965 423 0
19 R 0 -402 534 0
20 R 0 -11 499 0
21 R 0 -275 286 0
22 R 0 -606 550 0
23 R 0 -559 288 0
24 R 0 -694 618 0
25 R 0 -627 442 0
26 R 0 -395 561 0
27 R 0 -414 672 0
28 R 0 -472 685 0
29 R 0 -721 726 0
30 R 0 -595 700 0
31 R 0 -867 983 0
32 R 0 -772 467 0
33 R 0 -876 489 0
34 R 0 -877 491 0
35 R 0 -937 890 0
36 R 0 -155 979 0
37 R 0 -296 997 0
38 R 0 -203 558 0
39 R 0 -254 0
40 R 0 -304 0
41 R 0 -319 0
42 R 0 -580 0
43 R 0 -873 0
44 R 0 -887 0
45 R 0 562 0
46 R 0 687 0
47 R 0 833 0
48 R 0 839 0

DAY = 12
NUMBER_OF_VEHICLES = 48
1 R 0 -162 172 0
2 R 0 -536 7 0
3 R 0 -556 168 0
4 R 0 -623 15 0
5 R 0 -708 271 0
6 R 0 -553 206 0
7 R 0 -966 122 0
8 R 0 -995 0
9 R 0 -170 278 0
10 R 0 -716 311 0
11 R 0 -228 207 0
12 R 0 -290 225 0
13 R 0 -301 299 0
14 R 0 -897 368 0
15 R 0 -350 338 0
16 R 0 -763 410 0
17 R 0 -945 291 0
18 R 0 -125 0
19 R 0 -182 458 0
20 R 0 -313 710 0
21 R 0 -270 432 0
22 R 0 -280 447 0
23 R 0 -403 717 0
24 R 0 -288 482 0
25 R 0 -442 485 0
26 R 0 -561 310 0
27 R 0 -685 334 0
28 R 0 -489 620 0
29 R 0 -687 634 0
30 R 0 -839 682 0
31 R 0 341 0
32 R 0 446 0
33 R 0 589 0
34 R 0 619 0
35 R 0 669 0
36 R 0 702 0
37 R 0 704 0
38 R 0 722 0
39 R 0 785 0
40 R 0 786 0
41 R 0 817 0
42 R 0 830 0
43 R 0 835 0
44 R 0 856 0
45 R 0 885 0
46 R 0 944 0
47 R 0 969 0
48 R 0 975 0

DAY = 13
NUMBER_OF_VEHICLES = 54
1 R 0 -135 32 0
2 R 0 -77 23 0
3 R 0 -177 36 0
4 R 0 -306 90 0
5 R 0 -201 147 0
6 R 0 -214 189 0
7 R 0 -739 191 0
8 R 0 -778 255 0
9 R 0 -794 322 0
10 R 0 -340 133 0
11 R 0 -357 210 0
12 R 0 -361 300 0
13 R 0 -436 346 0
14 R 0 -601 354 0
15 R 0 -675 142 0
16 R 0 -907 235 0
17 R 0 -26 681 0
18 R 0 -190 795 0
19 R 0 -273 916 0
20 R 0 -499 0
21 R 0 -286 413 0
22 R 0 -550 366 0
23 R 0 -672 0
24 R 0 -726 478 0
25 R 0 -467 476 0
26 R 0 -491 522 0
27 R 0 -890 548 0
28 R 0 -997 0
29 R 0 -558 592 0
30 R 0 -172 0
31 R 0 -271 603 0
32 R 0 -122 633 0
33 R 0 -299 647 0
34 R 0 -368 895 0
35 R 0 -458 671 0
36 R 0 -432 898 0
37 R 0 -447 927 0
38 R 0 -717 744 0
39 R 0 -482 0
40 R 0 -485 936 0
41 R 0 -682 0
42 R 0 -589 0
43 R 0 -619 0
44 R 0 -722 0
45 R 0 -817 766 0
46 R 0 -830 0
47 R 0 -835 0
48 R 0 -975 0
49 R 0 824 0
50 R 0 844 0
51 R 0 880 0
52 R 0 942 0
53 R 0 943 0
54 R 0 986 0

DAY = 14
NUMBER_OF_VEHICLES = 45
1 R 0 -9 94 0
2 R 0 -50 113 0
3 R 0 -73 533 0
4 R 0 -78 2 0
5 R 0 -79 58 0
6 R 0 -118 146 0
7 R 0 -239 605 0
8 R 0 -438 159 0
9 R 0 -423 321 0
10 R 0 -534 399 0
11 R 0 -618 487 0
12 R 0 -700 274 0
13 R 0 -983 315 0
14 R 0 -979 515 0
15 R 0 -562 613 0
16 R 0 -833 626 0
17 R 0 -7 680 0
18 R 0 -168 855 0
19 R 0 -15 640 0
20 R 0 -278 0
21 R 0 -311 0
22 R 0 -225 645 0
23 R 0 -338 712 0
24 R 0 -410 792 0
25 R 0 -710 900 0
26 R 0 -310 369 0
27 R 0 -334 405 0
28 R 0 -620 0
29 R 0 -634 0
30 R 0 -669 435 0
31 R 0 -786 0
32 R 0 -969 0
33 R 0 -90 0
34 R 0 -191 0
35 R 0 -255 0
36 R 0 -210 938 0
37 R 0 -354 0
38 R 0 -142 464 0
39 R 0 -366 0
40 R 0 -476 0
41 R 0 -927 0
42 R 0 -766 0
43 R 0 -942 0
44 R 0 725 0
45 R 0 840 0

DAY = 15
NUMBER_OF_VEHICLES = 41
1 R 0 -206 127 0
2 R 0 -207 18 0
3 R 0 -291 202 0
4 R 0 -341 219 0
5 R 0 -446 389 0
6 R 0 -702 99 0
7 R 0 -704 100 0
8 R 0 -785 154 0
9 R 0 -856 156 0
10 R 0 -885 215 0
11 R 0 -944 452 0
12 R 0 -36 479 0
13 R 0 -235 496 0
14 R 0 -681 666 0
15 R 0 -795 771 0
16 R 0 -478 55 0
17 R 0 -522 518 0
18 R 0 -548 269 0
19 R 0 -603 543 0
20 R 0 -898 607 0
21 R 0 -936 0
22 R 0 -824 475 0
23 R 0 -880 0
24 R 0 -943 0
25 R 0 -986 609 0
26 R 0 -2 642 0
27 R 0 -58 664 0
28 R 0 -159 842 0
29 R 0 -315 0
30 R 0 -515 713 0
31 R 0 -613 799 0
32 R 0 -855 803 0
33 R 0 -792 743 0
34 R 0 -405 0
35 R 0 -938 747 0
36 R 0 -464 0
37 R 0 -725 0
38 R 0 820 0
39 R 0 836 0
40 R 0 862 0
41 R 0 922 0

DAY = 16
NUMBER_OF_VEHICLES = 37
1 R 0 -32 217 0
2 R 0 -23 124 0
3 R 0 -147 234 0
4 R 0 -189 314 0
5 R 0 -322 137 0
6 R 0 -133 241 0
7 R 0 -300 371 0
8 R 0 -346 429 0
9 R 0 -916 651 0
10 R 0 -413 141 0
11 R 0 -592 198 0
12 R 0 -633 463 0
13 R 0 -647 507 0
14 R 0 -895 394 0
15 R 0 -671 569 0
16 R 0 -744 643 0
17 R 0 -844 732 0
18 R 0 -94 428 0
19 R 0 -113 759 0
20 R 0 -321 784 0
21 R 0 -626 539 0
22 R 0 -640 868 0
23 R 0 -645 894 0
24 R 0 -900 901 0
25 R 0 -369 0
26 R 0 -435 0
27 R 0 -127 0
28 R 0 -202 0
29 R 0 -389 0
30 R 0 -99 598 0
31 R 0 -154 661 0
32 R 0 -156 864 0
33 R 0 -543 929 0
34 R 0 -607 0
35 R 0 -642 0
36 R 0 -842 0
37 R 0 -820 0

DAY = 17
NUMBER_OF_VEHICLES = 45
1 R 0 -533 87 0
2 R 0 -146 43 0
3 R 0 -605 188 0
4 R 0 -399 117 0
5 R 0 -487 244 0
6 R 0 -274 40 0
7 R 0 -680 192 0
8 R 0 -712 285 0
9 R 0 -840 104 0
10 R 0 -219 231 0
11 R 0 -771 421 0
12 R 0 -55 418 0
13 R 0 -518 248 0
14 R 0 -713 431 0
15 R 0 -803 400 0
16 R 0 -743 439 0
17 R 0 -747 528 0
18 R 0 -836 530 0
19 R 0 -124 540 0
20 R 0 -371 557 0
21 R 0 -643 577 0
22 R 0 -732 656 0
23 R 0 -784 686 0
24 R 0 -661 594 0
25 R 0 -864 628 0
26 R 0 457 0
27 R 0 497 0
28 R 0 690 0
29 R 0 723 0
30 R 0 724 0
31 R 0 738 0
32 R 0 746 0
33 R 0 756 0
34 R 0 841 0
35 R 0 861 0
36 R 0 865 0
37 R 0 879 0
38 R 0 892 0
39 R 0 899 0
40 R 0 917 0
41 R 0 931 0
42 R 0 948 0
43 R 0 954 0
44 R 0 962 0
45 R 0 1000 0

DAY = 18
NUMBER_OF_VEHICLES = 50
1 R 0 -18 119 0
2 R 0 -100 44 0
3 R 0 -215 75 0
4 R 0 -452 86 0
5 R 0 -479 134 0
6 R 0 -496 20 0
7 R 0 -666 29 0
8 R 0 -269 180 0
9 R 0 -475 308 0
10 R 0 -609 342 0
11 R 0 -664 344 0
12 R 0 -799 136 0
13 R 0 -862 160 0
14 R 0 -922 360 0
15 R 0 -217 38 0
16 R 0 -137 197 0
17 R 0 -651 45 0
18 R 0 -141 257 0
19 R 0 -463 451 0
20 R 0 -507 587 0
21 R 0 -428 474 0
22 R 0 -759 95 0
23 R 0 -539 510 0
24 R 0 -285 610 0
25 R 0 -104 130 0
26 R 0 -231 131 0
27 R 0 -421 138 0
28 R 0 -248 574 0
29 R 0 -431 637 0
30 R 0 -400 679 0
31 R 0 -439 720 0
32 R 0 -530 748 0
33 R 0 -540 761 0
34 R 0 -577 757 0
35 R 0 -628 810 0
36 R 0 -457 227 0
37 R 0 -690 767 0
38 R 0 -723 903 0
39 R 0 -756 0
40 R 0 -899 260 0
41 R 0 -948 0
42 R 0 -962 268 0
43 R 0 416 0
44 R 0 572 0
45 R 0 588 0
46 R 0 740 0
47 R 0 845 0
48 R 0 848 0
49 R 0 886 0
50 R 0 920 0

DAY = 19
NUMBER_OF_VEHICLES = 45
1 R 0 -234 59 0
2 R 0 -314 0
3 R 0 -241 37 0
4 R 0 -429 64 0
5 R 0 -198 12 0
6 R 0 -394 49 0
7 R 0 -569 152 0
8 R 0 -868 279 0
9 R 0 -894 332 0
10 R 0 -901 343 0
11 R 0 -598 158 0
12 R 0 -929 174 0
13 R 0 -87 398 0
14 R 0 -43 523 0
15 R 0 -188 433 0
16 R 0 -244 604 0
17 R 0 -40 0
18 R 0 -192 565 0
19 R 0 -528 625 0
20 R 0 -594 776 0
21 R 0 -497 83 0
22 R 0 -879 673 0
23 R 0 -931 678 0
24 R 0 -1000 101 0
25 R 0 -119 788 0
26 R 0 -44 888 0
27 R 0 -75 972 0
28 R 0 -86 0
29 R 0 -134 0
30 R 0 -20 139 0
31 R 0 -342 827 0
32 R 0 -197 0
33 R 0 -451 847 0
34 R 0 -95 331 0
35 R 0 -138 430 0
36 R 0 -720 905 0
37 R 0 -748 0
38 R 0 -761 0
39 R 0 -757 0
40 R 0 -416 484 0
41 R 0 -572 566 0
42 R 0 -740 701 0
43 R 0 -848 0
44 R 0 -886 871 0
45 R 0 921 0

DAY = 20
NUMBER_OF_VEHICLES = 34
1 R 0 -117 19 0
2 R 0 -418 93 0
3 R 0 -557 149 0
4 R 0 -656 263 0
5 R 0 -686 267 0
6 R 0 -724 356 0
7 R 0 -738 459 0
8 R 0 -746 13 0
9 R 0 -841 150 0
10 R 0 -861 3 0
11 R 0 -865 506 0
12 R 0 -892 563 0
13 R 0 -917 181 0
14 R 0 -954 185 0
15 R 0 -180 597 0
16 R 0 -344 629 0
17 R 0 -160 453 0
18 R 0 -360 801 0
19 R 0 -257 622 0
20 R 0 -587 822 0
21 R 0 -474 773 0
22 R 0 -637 0
23 R 0 -903 797 0
24 R 0 -268 283 0
25 R 0 -845 348 0
26 R 0 -920 0
27 R 0 -152 0
28 R 0 -604 0
29 R 0 -101 492 0
30 R 0 -566 653 0
31 R 0 852 0
32 R 0 870 0
33 R 0 913 0
34 R 0 990 0

DAY = 21
NUMBER_OF_VEHICLES = 54
1 R 0 -29 0
2 R 0 -308 106 0
3 R 0 -136 378 0
4 R 0 -38 39 0
5 R 0 -45 56 0
6 R 0 -510 381 0
7 R 0 -610 123 0
8 R 0 -130 67 0
9 R 0 -131 0
10 R 0 -574 504 0
11 R 0 -679 593 0
12 R 0 -810 608 0
13 R 0 -227 0
14 R 0 -767 456 0
15 R 0 -260 85 0
16 R 0 -588 102 0
17 R 0 -64 615 0
18 R 0 -49 695 0
19 R 0 -332 655 0
20 R 0 -343 689 0
21 R 0 -398 730 0
22 R 0 -433 816 0
23 R 0 -565 902 0
24 R 0 -625 737 0
25 R 0 -83 0
26 R 0 -678 774 0
27 R 0 -139 179 0
28 R 0 -847 825 0
29 R 0 -331 186 0
30 R 0 -430 209 0
31 R 0 -905 904 0
32 R 0 -701 243 0
33 R 0 -871 441 0
34 R 0 -149 923 0
35 R 0 -263 0
36 R 0 -267 0
37 R 0 -563 0
38 R 0 -185 445 0
39 R 0 -629 0
40 R 0 -801 0
41 R 0 -653 468 0
42 R 0 551 0
43 R 0 602 0
44 R 0 648 0
45 R 0 657 0
46 R 0 660 0
47 R 0 691 0
48 R 0 719 0
49 R 0 906 0
50 R 0 952 0
51 R 0 959 0
52 R 0 960 0
53 R 0 961 0
54 R 0 977 0

DAY = 22
NUMBER_OF_VEHICLES = 47
1 R 0 -59 16 0
2 R 0 -37 30 0
3 R 0 -12 111 0
4 R 0 -279 33 0
5 R 0 -158 329 0
6 R 0 -174 401 0
7 R 0 -523 51 0
8 R 0 -776 473 0
9 R 0 -673 54 0
10 R 0 -788 81 0
11 R 0 -888 0
12 R 0 -972 481 0
13 R 0 -827 236 0
14 R 0 -484 96 0
15 R 0 -921 107 0
16 R 0 -93 326 0
17 R 0 -356 330 0
18 R 0 -459 349 0
19 R 0 -181 151 0
20 R 0 -622 535 0
21 R 0 -822 363 0
22 R 0 -797 583 0
23 R 0 -283 287 0
24 R 0 -348 667 0
25 R 0 -492 834 0
26 R 0 -852 928 0
27 R 0 -913 970 0
28 R 0 -378 697 0
29 R 0 -608 750 0
30 R 0 -102 985 0
31 R 0 -615 390 0
32 R 0 -774 611 0
33 R 0 -243 992 0
34 R 0 -551 0
35 R 0 -602 0
36 R 0 -691 0
37 R 0 -719 0
38 R 0 -906 754 0
39 R 0 705 0
40 R 0 765 0
41 R 0 769 0
42 R 0 807 0
43 R 0 809 0
44 R 0 812 0
45 R 0 813 0
46 R 0 910 0
47 R 0 914 0

DAY = 23
NUMBER_OF_VEHICLES = 48
1 R 0 -19 31 0
2 R 0 -13 82 0
3 R 0 -150 355 0
4 R 0 -3 105 0
5 R 0 -506 157 0
6 R 0 -597 169 0
7 R 0 -453 145 0
8 R 0 -773 246 0
9 R 0 -870 327 0
10 R 0 -990 663 0
11 R 0 -106 0
12 R 0 -39 424 0
13 R 0 -123 221 0
14 R 0 -67 449 0
15 R 0 -504 860 0
16 R 0 -593 866 0
17 R 0 -695 869 0
18 R 0 -689 224 0
19 R 0 -730 882 0
20 R 0 -179 466 0
21 R 0 -825 307 0
22 R 0 -648 493 0
23 R 0 -660 636 0
24 R 0 -952 924 0
25 R 0 -959 674 0
26 R 0 -960 731 0
27 R 0 -961 736 0
28 R 0 -401 989 0
29 R 0 -473 996 0
30 R 0 -81 333 0
31 R 0 -236 364 0
32 R 0 -107 0
33 R 0 -326 425 0
34 R 0 -349 471 0
35 R 0 -363 480 0
36 R 0 -583 998 0
37 R 0 -834 832 0
38 R 0 -970 878 0
39 R 0 -754 0
40 R 0 -769 0
41 R 0 -809 0
42 R 0 521 0
43 R 0 891 0
44 R 0 935 0
45 R 0 964 0
46 R 0 971 0
47 R 0 973 0
48 R 0 982 0

DAY = 24
NUMBER_OF_VEHICLES = 57
1 R 0 -56 57 0
2 R 0 -381 41 0
3 R 0 -456 22 0
4 R 0 -85 148 0
5 R 0 -655 48 0
6 R 0 -816 205 0
7 R 0 -902 208 0
8 R 0 -737 89 0
9 R 0 -186 213 0
10 R 0 -209 237 0
11 R 0 -904 183 0
12 R 0 -441 374 0
13 R 0 -923 282 0
14 R 0 -445 538 0
15 R 0 -468 575 0
16 R 0 -657 696 0
17 R 0 -977 728 0
18 R 0 -16 323 0
19 R 0 -30 0
20 R 0 -329 252 0
21 R 0 -51 337 0
22 R 0 -481 261 0
23 R 0 -96 0
24 R 0 -535 382 0
25 R 0 -287 0
26 R 0 -667 0
27 R 0 -928 0
28 R 0 -750 383 0
29 R 0 -390 375 0
30 R 0 -992 0
31 R 0 -765 412 0
32 R 0 -807 407 0
33 R 0 -813 549 0
34 R 0 -910 787 0
35 R 0 -169 804 0
36 R 0 -145 516 0
37 R 0 -866 531 0
38 R 0 -224 933 0
39 R 0 -493 0
40 R 0 -636 0
41 R 0 -674 0
42 R 0 -731 0
43 R 0 -736 0
44 R 0 -989 544 0
45 R 0 -333 968 0
46 R 0 -364 984 0
47 R 0 -480 0
48 R 0 -832 0
49 R 0 -521 0
50 R 0 -891 0
51 R 0 -935 0
52 R 0 -964 0
53 R 0 662 0
54 R 0 806 0
55 R 0 843 0
56 R 0 859 0
57 R 0 963 0

DAY = 25
NUMBER_OF_VEHICLES = 38
1 R 0 -111 66 0
2 R 0 -33 1 0
3 R 0 -54 25 0
4 R 0 -330 116 0
5 R 0 -151 52 0
6 R 0 -697 232 0
7 R 0 -985 63 0
8 R 0 -611 204 0
9 R 0 -705 443 0
10 R 0 -812 490 0
11 R 0 -914 495 0
12 R 0 -82 128 0
13 R 0 -355 178 0
14 R 0 -157 500 0
15 R 0 -246 297 0
16 R 0 -327 324 0
17 R 0 -663 469 0
18 R 0 -221 520 0
19 R 0 -449 292 0
20 R 0 -882 488 0
21 R 0 -307 677 0
22 R 0 -996 581 0
23 R 0 -425 0
24 R 0 -471 683 0
25 R 0 -998 768 0
26 R 0 -878 376 0
27 R 0 -971 688 0
28 R 0 -237 385 0
29 R 0 -183 699 0
30 R 0 -728 454 0
31 R 0 -323 950 0
32 R 0 -804 999 0
33 R 0 -516 826 0
34 R 0 -531 991 0
35 R 0 -968 0
36 R 0 -843 0
37 R 0 908 0
38 R 0 974 0

DAY = 26
NUMBER_OF_VEHICLES = 36
1 R 0 -31 17 0
2 R 0 -105 42 0
3 R 0 -424 199 0
4 R 0 -860 110 0
5 R 0 -869 175 0
6 R 0 -466 417 0
7 R 0 -924 218 0
8 R 0 -973 335 0
9 R 0 -982 358 0
10 R 0 -22 502 0
11 R 0 -205 256 0
12 R 0 -374 505 0
13 R 0 -575 517 0
14 R 0 -382 415 0
15 R 0 -383 511 0
16 R 0 -375 547 0
17 R 0 -407 875 0
18 R 0 -787 668 0
19 R 0 -933 676 0
20 R 0 -984 912 0
21 R 0 -963 987 0
22 R 0 -66 0
23 R 0 -25 0
24 R 0 -63 541 0
25 R 0 -490 0
26 R 0 -297 0
27 R 0 -469 0
28 R 0 -292 693 0
29 R 0 -376 789 0
30 R 0 -688 0
31 R 0 -385 850 0
32 R 0 -999 0
33 R 0 -826 0
34 R 0 -908 915 0
35 R 0 947 0
36 R 0 993 0

DAY = 27
NUMBER_OF_VEHICLES = 43
1 R 0 -57 24 0
2 R 0 -41 781 0
3 R 0 -148 0
4 R 0 -48 370 0
5 R 0 -208 0
6 R 0 -89 586 0
7 R 0 -213 0
8 R 0 -282 741 0
9 R 0 -538 0
10 R 0 -696 0
11 R 0 -252 0
12 R 0 -337 925 0
13 R 0 -261 0
14 R 0 -412 0
15 R 0 -549 0
16 R 0 -544 0
17 R 0 -662 0
18 R 0 -806 0
19 R 0 -859 0
20 R 0 -116 0
21 R 0 -204 0
22 R 0 -443 0
23 R 0 -495 0
24 R 0 -324 0
25 R 0 -677 0
26 R 0 -581 0
27 R 0 -683 0
28 R 0 -768 0
29 R 0 -699 0
30 R 0 -950 0
31 R 0 -991 0
32 R 0 -42 0
33 R 0 -417 0
34 R 0 -218 0
35 R 0 -335 0
36 R 0 -517 0
37 R 0 -511 0
38 R 0 -676 0
39 R 0 -987 0
40 R 0 -541 0
41 R 0 -693 0
42 R 0 -947 0
43 R 0 -993 0

DAY = 28
NUMBER_OF_VEHICLES = 28
1 R 0 -1 918 0
2 R 0 -52 80 0
3 R 0 -232 391 0
4 R 0 -128 0
5 R 0 -178 0
6 R 0 -500 0
7 R 0 -520 0
8 R 0 -488 742 0
9 R 0 -454 0
10 R 0 -974 0
11 R 0 -17 0
12 R 0 -199 0
13 R 0 -110 0
14 R 0 -175 0
15 R 0 -358 0
16 R 0 -502 0
17 R 0 -256 0
18 R 0 -505 0
19 R 0 -415 0
20 R 0 -547 0
21 R 0 -875 0
22 R 0 -668 0
23 R 0 -912 0
24 R 0 -24 0
25 R 0 -781 0
26 R 0 -370 0
27 R 0 -741 0
28 R 0 -925 0

DAY = 29
NUMBER_OF_VEHICLES = 8
1 R 0 -789 0
2 R 0 -850 0
3 R 0 -915 0
4 R 0 -586 0
5 R 0 -918 0
6 R 0 -80 0
7 R 0 -391 0
8 R 0 -742 0

