DATASET = All time best instance set VeRoLog competition
NAME = vehicles over tools over vehicle days over distance with 500 requests over 15 days

DAY = 1
NUMBER_OF_VEHICLES = 51
1 R 0 9 0
2 R 0 16 0
3 R 0 39 0
4 R 0 44 0
5 R 0 64 0
6 R 0 67 0
7 R 0 97 0
8 R 0 135 0
9 R 0 147 0
10 R 0 152 0
11 R 0 164 0
12 R 0 166 0
13 R 0 169 0
14 R 0 181 0
15 R 0 189 0
16 R 0 217 0
17 R 0 220 0
18 R 0 228 0
19 R 0 239 0
20 R 0 244 0
21 R 0 254 0
22 R 0 256 0
23 R 0 262 0
24 R 0 265 0
25 R 0 270 0
26 R 0 277 0
27 R 0 285 0
28 R 0 294 0
29 R 0 299 0
30 R 0 308 0
31 R 0 314 0
32 R 0 317 0
33 R 0 328 0
34 R 0 339 0
35 R 0 342 0
36 R 0 367 0
37 R 0 368 0
38 R 0 387 0
39 R 0 390 0
40 R 0 392 0
41 R 0 398 0
42 R 0 408 0
43 R 0 413 0
44 R 0 418 0
45 R 0 419 0
46 R 0 422 0
47 R 0 428 0
48 R 0 452 0
49 R 0 460 0
50 R 0 472 0
51 R 0 492 0

DAY = 2
NUMBER_OF_VEHICLES = 47
1 R 0 -64 0
2 R 0 -147 32 0
3 R 0 -181 3 0
4 R 0 -220 24 0
5 R 0 -294 63 0
6 R 0 -308 85 0
7 R 0 -314 0
8 R 0 -328 106 0
9 R 0 -342 71 0
10 R 0 -392 82 0
11 R 0 -419 89 0
12 R 0 -472 129 0
13 R 0 99 0
14 R 0 138 0
15 R 0 142 0
16 R 0 155 0
17 R 0 185 0
18 R 0 201 0
19 R 0 214 0
20 R 0 219 0
21 R 0 225 0
22 R 0 230 0
23 R 0 237 0
24 R 0 248 0
25 R 0 249 0
26 R 0 298 0
27 R 0 309 0
28 R 0 319 0
29 R 0 344 0
30 R 0 348 0
31 R 0 350 0
32 R 0 357 0
33 R 0 360 0
34 R 0 369 0
35 R 0 373 0
36 R 0 388 0
37 R 0 424 0
38 R 0 426 0
39 R 0 430 0
40 R 0 440 0
41 R 0 449 0
42 R 0 456 0
43 R 0 458 0
44 R 0 471 0
45 R 0 473 0
46 R 0 479 0
47 R 0 484 0

DAY = 3
NUMBER_OF_VEHICLES = 42
1 R 0 -9 33 0
2 R 0 -16 45 0
3 R 0 -39 54 0
4 R 0 -67 74 0
5 R 0 -152 49 0
6 R 0 -164 104 0
7 R 0 -189 111 0
8 R 0 -228 103 0
9 R 0 -239 115 0
10 R 0 -254 119 0
11 R 0 -256 123 0
12 R 0 -262 139 0
13 R 0 -277 141 0
14 R 0 -387 162 0
15 R 0 -390 180 0
16 R 0 -398 210 0
17 R 0 -408 215 0
18 R 0 -413 295 0
19 R 0 -492 192 0
20 R 0 -63 203 0
21 R 0 -71 205 0
22 R 0 -82 216 0
23 R 0 -99 263 0
24 R 0 -142 292 0
25 R 0 -155 296 0
26 R 0 -201 315 0
27 R 0 -214 307 0
28 R 0 -348 363 0
29 R 0 -369 483 0
30 R 0 -449 0
31 R 0 -471 386 0
32 R 0 407 0
33 R 0 412 0
34 R 0 429 0
35 R 0 434 0
36 R 0 438 0
37 R 0 444 0
38 R 0 462 0
39 R 0 474 0
40 R 0 480 0
41 R 0 495 0
42 R 0 496 0

DAY = 4
NUMBER_OF_VEHICLES = 62
1 R 0 -44 12 0
2 R 0 -97 0
3 R 0 -135 17 0
4 R 0 -166 29 0
5 R 0 -169 90 0
6 R 0 -217 117 0
7 R 0 -244 2 0
8 R 0 -265 0
9 R 0 -270 127 0
10 R 0 -285 144 0
11 R 0 -299 157 0
12 R 0 -317 0
13 R 0 -339 170 0
14 R 0 -367 0
15 R 0 -368 172 0
16 R 0 -418 25 0
17 R 0 -422 34 0
18 R 0 -428 176 0
19 R 0 -452 234 0
20 R 0 -460 0
21 R 0 -3 260 0
22 R 0 -106 52 0
23 R 0 -89 305 0
24 R 0 -129 80 0
25 R 0 -185 313 0
26 R 0 -225 87 0
27 R 0 -237 0
28 R 0 -249 347 0
29 R 0 -309 91 0
30 R 0 -357 137 0
31 R 0 -360 159 0
32 R 0 -373 397 0
33 R 0 -388 490 0
34 R 0 -424 194 0
35 R 0 -426 199 0
36 R 0 -456 208 0
37 R 0 -479 0
38 R 0 -484 0
39 R 0 -111 0
40 R 0 -215 0
41 R 0 -203 0
42 R 0 -205 0
43 R 0 -263 0
44 R 0 -307 0
45 R 0 -438 0
46 R 0 -480 0
47 R 0 -495 0
48 R 0 231 0
49 R 0 259 0
50 R 0 266 0
51 R 0 271 0
52 R 0 273 0
53 R 0 340 0
54 R 0 352 0
55 R 0 364 0
56 R 0 372 0
57 R 0 381 0
58 R 0 384 0
59 R 0 400 0
60 R 0 435 0
61 R 0 448 0
62 R 0 459 0

DAY = 5
NUMBER_OF_VEHICLES = 56
1 R 0 -32 5 0
2 R 0 -24 4 0
3 R 0 -85 11 0
4 R 0 -138 26 0
5 R 0 -219 28 0
6 R 0 -230 57 0
7 R 0 -248 75 0
8 R 0 -298 84 0
9 R 0 -319 0
10 R 0 -344 130 0
11 R 0 -350 178 0
12 R 0 -430 36 0
13 R 0 -440 50 0
14 R 0 -458 81 0
15 R 0 -473 93 0
16 R 0 -45 182 0
17 R 0 -74 94 0
18 R 0 -49 213 0
19 R 0 -104 98 0
20 R 0 -103 232 0
21 R 0 -115 101 0
22 R 0 -119 250 0
23 R 0 -123 255 0
24 R 0 -162 107 0
25 R 0 -295 279 0
26 R 0 -216 108 0
27 R 0 -363 116 0
28 R 0 -434 0
29 R 0 -444 163 0
30 R 0 -496 167 0
31 R 0 -29 184 0
32 R 0 -2 0
33 R 0 -127 195 0
34 R 0 -144 218 0
35 R 0 -234 221 0
36 R 0 -260 227 0
37 R 0 -52 281 0
38 R 0 -259 301 0
39 R 0 -271 312 0
40 R 0 -340 0
41 R 0 -381 0
42 R 0 -400 395 0
43 R 0 -448 405 0
44 R 0 268 0
45 R 0 274 0
46 R 0 349 0
47 R 0 355 0
48 R 0 380 0
49 R 0 401 0
50 R 0 411 0
51 R 0 417 0
52 R 0 446 0
53 R 0 461 0
54 R 0 482 0
55 R 0 485 0
56 R 0 491 0

DAY = 6
NUMBER_OF_VEHICLES = 62
1 R 0 -33 15 0
2 R 0 -54 51 0
3 R 0 -139 56 0
4 R 0 -141 18 0
5 R 0 -180 19 0
6 R 0 -210 42 0
7 R 0 -192 68 0
8 R 0 -292 73 0
9 R 0 -296 61 0
10 R 0 -315 79 0
11 R 0 -483 0
12 R 0 -386 100 0
13 R 0 -407 143 0
14 R 0 -412 0
15 R 0 -429 145 0
16 R 0 -462 146 0
17 R 0 -474 179 0
18 R 0 -12 224 0
19 R 0 -17 0
20 R 0 -90 0
21 R 0 -117 280 0
22 R 0 -157 286 0
23 R 0 -172 338 0
24 R 0 -176 370 0
25 R 0 -305 433 0
26 R 0 -80 0
27 R 0 -91 0
28 R 0 -159 0
29 R 0 -372 0
30 R 0 -384 0
31 R 0 -435 0
32 R 0 -4 0
33 R 0 -11 88 0
34 R 0 -57 96 0
35 R 0 -50 0
36 R 0 -81 0
37 R 0 -93 0
38 R 0 -182 121 0
39 R 0 -98 0
40 R 0 -250 0
41 R 0 -279 0
42 R 0 -116 0
43 R 0 -195 0
44 R 0 -349 0
45 R 0 -417 0
46 R 0 -446 126 0
47 R 0 -461 128 0
48 R 0 -482 151 0
49 R 0 187 0
50 R 0 206 0
51 R 0 229 0
52 R 0 261 0
53 R 0 267 0
54 R 0 275 0
55 R 0 323 0
56 R 0 346 0
57 R 0 385 0
58 R 0 420 0
59 R 0 439 0
60 R 0 447 0
61 R 0 464 0
62 R 0 477 0

DAY = 7
NUMBER_OF_VEHICLES = 51
1 R 0 -170 7 0
2 R 0 -25 0
3 R 0 -34 22 0
4 R 0 -313 8 0
5 R 0 -87 35 0
6 R 0 -347 14 0
7 R 0 -137 43 0
8 R 0 -397 59 0
9 R 0 -490 0
10 R 0 -194 48 0
11 R 0 -199 62 0
12 R 0 -208 66 0
13 R 0 -231 72 0
14 R 0 -266 136 0
15 R 0 -273 149 0
16 R 0 -352 153 0
17 R 0 -364 161 0
18 R 0 -459 174 0
19 R 0 -26 322 0
20 R 0 -28 0
21 R 0 -36 86 0
22 R 0 -213 324 0
23 R 0 -108 102 0
24 R 0 -184 112 0
25 R 0 -281 343 0
26 R 0 -312 376 0
27 R 0 -405 396 0
28 R 0 -268 122 0
29 R 0 -274 154 0
30 R 0 -355 188 0
31 R 0 -380 238 0
32 R 0 -411 403 0
33 R 0 -491 415 0
34 R 0 -15 478 0
35 R 0 -56 0
36 R 0 -73 354 0
37 R 0 -79 389 0
38 R 0 -100 0
39 R 0 -280 0
40 R 0 -370 399 0
41 R 0 -151 481 0
42 R 0 -206 497 0
43 R 0 -261 0
44 R 0 -275 0
45 R 0 -323 0
46 R 0 -385 0
47 R 0 -447 0
48 R 0 404 0
49 R 0 457 0
50 R 0 487 0
51 R 0 493 0

DAY = 8
NUMBER_OF_VEHICLES = 62
1 R 0 -5 23 0
2 R 0 -75 0
3 R 0 -84 0
4 R 0 -130 38 0
5 R 0 -178 53 0
6 R 0 -94 6 0
7 R 0 -232 76 0
8 R 0 -101 13 0
9 R 0 -255 105 0
10 R 0 -107 21 0
11 R 0 -163 65 0
12 R 0 -167 95 0
13 R 0 -218 114 0
14 R 0 -221 120 0
15 R 0 -227 158 0
16 R 0 -301 109 0
17 R 0 -395 134 0
18 R 0 -401 171 0
19 R 0 -485 165 0
20 R 0 -18 168 0
21 R 0 -19 191 0
22 R 0 -42 197 0
23 R 0 -61 209 0
24 R 0 -145 0
25 R 0 -286 212 0
26 R 0 -433 223 0
27 R 0 -88 0
28 R 0 -96 211 0
29 R 0 -121 233 0
30 R 0 -126 240 0
31 R 0 -128 257 0
32 R 0 -187 282 0
33 R 0 -439 288 0
34 R 0 -136 297 0
35 R 0 -149 300 0
36 R 0 -153 310 0
37 R 0 -174 311 0
38 R 0 -322 316 0
39 R 0 -324 331 0
40 R 0 -102 0
41 R 0 -376 341 0
42 R 0 -396 353 0
43 R 0 -122 235 0
44 R 0 -188 272 0
45 R 0 -403 379 0
46 R 0 -481 402 0
47 R 0 -497 436 0
48 R 0 289 0
49 R 0 303 0
50 R 0 321 0
51 R 0 325 0
52 R 0 333 0
53 R 0 361 0
54 R 0 414 0
55 R 0 443 0
56 R 0 451 0
57 R 0 463 0
58 R 0 468 0
59 R 0 470 0
60 R 0 494 0
61 R 0 498 0
62 R 0 500 0

DAY = 9
NUMBER_OF_VEHICLES = 55
1 R 0 -51 20 0
2 R 0 -68 37 0
3 R 0 -143 41 0
4 R 0 -146 46 0
5 R 0 -179 69 0
6 R 0 -224 113 0
7 R 0 -338 132 0
8 R 0 -229 1 0
9 R 0 -267 10 0
10 R 0 -346 27 0
11 R 0 -420 47 0
12 R 0 -464 77 0
13 R 0 -477 78 0
14 R 0 -43 83 0
15 R 0 -66 118 0
16 R 0 -161 156 0
17 R 0 -112 140 0
18 R 0 -478 160 0
19 R 0 -354 150 0
20 R 0 -487 173 0
21 R 0 -493 183 0
22 R 0 -6 190 0
23 R 0 -95 236 0
24 R 0 -114 243 0
25 R 0 -171 253 0
26 R 0 -212 284 0
27 R 0 -211 193 0
28 R 0 -257 198 0
29 R 0 -297 222 0
30 R 0 -311 246 0
31 R 0 -316 247 0
32 R 0 -289 326 0
33 R 0 -333 327 0
34 R 0 -361 335 0
35 R 0 -468 252 0
36 R 0 258 0
37 R 0 287 0
38 R 0 291 0
39 R 0 306 0
40 R 0 356 0
41 R 0 371 0
42 R 0 375 0
43 R 0 378 0
44 R 0 393 0
45 R 0 394 0
46 R 0 427 0
47 R 0 431 0
48 R 0 441 0
49 R 0 465 0
50 R 0 466 0
51 R 0 469 0
52 R 0 476 0
53 R 0 486 0
54 R 0 489 0
55 R 0 499 0

DAY = 10
NUMBER_OF_VEHICLES = 57
1 R 0 -7 60 0
2 R 0 -22 30 0
3 R 0 -8 0
4 R 0 -35 70 0
5 R 0 -14 110 0
6 R 0 -59 124 0
7 R 0 -48 241 0
8 R 0 -62 264 0
9 R 0 -72 336 0
10 R 0 -86 186 0
11 R 0 -343 365 0
12 R 0 -154 196 0
13 R 0 -238 200 0
14 R 0 -415 383 0
15 R 0 -389 207 0
16 R 0 -399 251 0
17 R 0 -404 278 0
18 R 0 -457 330 0
19 R 0 -53 409 0
20 R 0 -13 332 0
21 R 0 -158 345 0
22 R 0 -168 410 0
23 R 0 -197 421 0
24 R 0 -223 391 0
25 R 0 -240 450 0
26 R 0 -282 454 0
27 R 0 -288 467 0
28 R 0 -341 488 0
29 R 0 -353 0
30 R 0 -436 0
31 R 0 -303 406 0
32 R 0 -325 416 0
33 R 0 -414 432 0
34 R 0 -500 442 0
35 R 0 -41 453 0
36 R 0 -113 0
37 R 0 -1 0
38 R 0 -10 0
39 R 0 -47 0
40 R 0 -78 0
41 R 0 -118 0
42 R 0 -156 0
43 R 0 -183 0
44 R 0 -190 0
45 R 0 -236 0
46 R 0 -193 0
47 R 0 -246 0
48 R 0 -247 0
49 R 0 -326 0
50 R 0 -252 0
51 R 0 -287 0
52 R 0 -371 0
53 R 0 -375 0
54 R 0 -393 0
55 R 0 -441 0
56 R 0 -476 0
57 R 0 -486 0

DAY = 11
NUMBER_OF_VEHICLES = 49
1 R 0 -23 131 0
2 R 0 -38 0
3 R 0 -76 276 0
4 R 0 -105 302 0
5 R 0 -21 55 0
6 R 0 -65 92 0
7 R 0 -120 148 0
8 R 0 -109 318 0
9 R 0 -134 329 0
10 R 0 -165 334 0
11 R 0 -191 337 0
12 R 0 -209 351 0
13 R 0 -233 359 0
14 R 0 -300 366 0
15 R 0 -310 423 0
16 R 0 -331 425 0
17 R 0 -235 0
18 R 0 -272 0
19 R 0 -379 0
20 R 0 -402 0
21 R 0 -321 226 0
22 R 0 -443 293 0
23 R 0 -451 0
24 R 0 -463 0
25 R 0 -470 0
26 R 0 -494 320 0
27 R 0 -498 0
28 R 0 -46 358 0
29 R 0 -132 374 0
30 R 0 -27 0
31 R 0 -140 0
32 R 0 -173 0
33 R 0 -253 0
34 R 0 -198 0
35 R 0 -356 0
36 R 0 -378 0
37 R 0 -394 0
38 R 0 -427 0
39 R 0 -431 0
40 R 0 -489 0
41 R 0 -60 0
42 R 0 -124 0
43 R 0 -241 0
44 R 0 -383 0
45 R 0 -207 0
46 R 0 -251 0
47 R 0 -409 0
48 R 0 -332 0
49 R 0 -450 0

DAY = 12
NUMBER_OF_VEHICLES = 43
1 R 0 -20 31 0
2 R 0 -37 40 0
3 R 0 -69 175 0
4 R 0 -77 58 0
5 R 0 -83 133 0
6 R 0 -160 202 0
7 R 0 -150 177 0
8 R 0 -243 290 0
9 R 0 -284 382 0
10 R 0 -222 204 0
11 R 0 -327 455 0
12 R 0 -335 0
13 R 0 -258 242 0
14 R 0 -291 245 0
15 R 0 -306 269 0
16 R 0 -465 304 0
17 R 0 -466 0
18 R 0 -469 437 0
19 R 0 -499 0
20 R 0 -30 0
21 R 0 -110 0
22 R 0 -264 0
23 R 0 -336 0
24 R 0 -186 0
25 R 0 -365 0
26 R 0 -196 0
27 R 0 -278 0
28 R 0 -345 0
29 R 0 -421 0
30 R 0 -467 0
31 R 0 -406 0
32 R 0 -432 0
33 R 0 -442 0
34 R 0 -131 0
35 R 0 -302 0
36 R 0 -55 0
37 R 0 -148 0
38 R 0 -334 0
39 R 0 -359 0
40 R 0 -366 0
41 R 0 -423 0
42 R 0 -293 0
43 R 0 -320 0

DAY = 13
NUMBER_OF_VEHICLES = 24
1 R 0 -70 125 0
2 R 0 -200 0
3 R 0 -330 0
4 R 0 -410 283 0
5 R 0 -391 0
6 R 0 -454 362 0
7 R 0 -488 377 0
8 R 0 -416 0
9 R 0 -453 0
10 R 0 -318 445 0
11 R 0 -329 475 0
12 R 0 -425 0
13 R 0 -226 0
14 R 0 -374 0
15 R 0 -40 0
16 R 0 -202 0
17 R 0 -177 0
18 R 0 -382 0
19 R 0 -204 0
20 R 0 -455 0
21 R 0 -242 0
22 R 0 -245 0
23 R 0 -269 0
24 R 0 -437 0

DAY = 14
NUMBER_OF_VEHICLES = 17
1 R 0 -276 0
2 R 0 -92 0
3 R 0 -337 0
4 R 0 -351 0
5 R 0 -358 0
6 R 0 -31 0
7 R 0 -175 0
8 R 0 -58 0
9 R 0 -133 0
10 R 0 -290 0
11 R 0 -304 0
12 R 0 -125 0
13 R 0 -283 0
14 R 0 -362 0
15 R 0 -377 0
16 R 0 -445 0
17 R 0 -475 0

