DATASET = All time best instance set VeRoLog competition
NAME = tools over vehicle days over vehicles over distance with 500 requests over 15 days

DAY = 1
NUMBER_OF_VEHICLES = 49
1 R 0 9 0
2 R 0 28 0
3 R 0 46 0
4 R 0 55 0
5 R 0 63 0
6 R 0 77 0
7 R 0 79 0
8 R 0 83 0
9 R 0 87 0
10 R 0 101 0
11 R 0 103 0
12 R 0 115 0
13 R 0 117 0
14 R 0 138 0
15 R 0 139 0
16 R 0 155 0
17 R 0 157 0
18 R 0 164 0
19 R 0 171 0
20 R 0 173 0
21 R 0 180 0
22 R 0 188 0
23 R 0 223 0
24 R 0 225 0
25 R 0 233 0
26 R 0 252 0
27 R 0 281 0
28 R 0 286 0
29 R 0 303 0
30 R 0 319 0
31 R 0 322 0
32 R 0 326 0
33 R 0 330 0
34 R 0 334 0
35 R 0 358 0
36 R 0 362 0
37 R 0 369 0
38 R 0 370 0
39 R 0 375 0
40 R 0 395 0
41 R 0 403 0
42 R 0 423 0
43 R 0 424 0
44 R 0 441 0
45 R 0 458 0
46 R 0 473 0
47 R 0 480 0
48 R 0 490 0
49 R 0 496 0

DAY = 2
NUMBER_OF_VEHICLES = 46
1 R 0 -28 32 0
2 R 0 -83 57 0
3 R 0 -157 64 0
4 R 0 -223 98 0
5 R 0 -225 88 0
6 R 0 -303 107 0
7 R 0 -319 136 0
8 R 0 -358 78 0
9 R 0 -362 151 0
10 R 0 -370 112 0
11 R 0 -375 203 0
12 R 0 -395 134 0
13 R 0 -424 167 0
14 R 0 -441 227 0
15 R 0 -480 256 0
16 R 0 -496 264 0
17 R 0 179 0
18 R 0 196 0
19 R 0 198 0
20 R 0 210 0
21 R 0 217 0
22 R 0 226 0
23 R 0 244 0
24 R 0 258 0
25 R 0 263 0
26 R 0 269 0
27 R 0 282 0
28 R 0 291 0
29 R 0 309 0
30 R 0 311 0
31 R 0 318 0
32 R 0 325 0
33 R 0 350 0
34 R 0 379 0
35 R 0 388 0
36 R 0 391 0
37 R 0 400 0
38 R 0 425 0
39 R 0 426 0
40 R 0 428 0
41 R 0 442 0
42 R 0 449 0
43 R 0 457 0
44 R 0 465 0
45 R 0 485 0
46 R 0 499 0

DAY = 3
NUMBER_OF_VEHICLES = 45
1 R 0 -46 6 0
2 R 0 -55 1 0
3 R 0 -87 11 0
4 R 0 -103 94 0
5 R 0 -117 145 0
6 R 0 -138 105 0
7 R 0 -139 13 0
8 R 0 -155 114 0
9 R 0 -173 42 0
10 R 0 -180 121 0
11 R 0 -188 162 0
12 R 0 -233 175 0
13 R 0 -281 54 0
14 R 0 -286 109 0
15 R 0 -326 201 0
16 R 0 -330 211 0
17 R 0 -334 168 0
18 R 0 -473 194 0
19 R 0 -32 272 0
20 R 0 -57 345 0
21 R 0 -98 230 0
22 R 0 -151 359 0
23 R 0 -227 413 0
24 R 0 -256 429 0
25 R 0 -196 215 0
26 R 0 -210 268 0
27 R 0 -217 283 0
28 R 0 -226 352 0
29 R 0 -269 488 0
30 R 0 -291 399 0
31 R 0 -391 224 0
32 R 0 -428 495 0
33 R 0 -485 242 0
34 R 0 247 0
35 R 0 274 0
36 R 0 278 0
37 R 0 290 0
38 R 0 316 0
39 R 0 329 0
40 R 0 344 0
41 R 0 407 0
42 R 0 433 0
43 R 0 446 0
44 R 0 461 0
45 R 0 493 0

DAY = 4
NUMBER_OF_VEHICLES = 62
1 R 0 -9 18 0
2 R 0 -63 14 0
3 R 0 -77 68 0
4 R 0 -79 73 0
5 R 0 -101 26 0
6 R 0 -115 220 0
7 R 0 -164 288 0
8 R 0 -171 7 0
9 R 0 -252 396 0
10 R 0 -322 33 0
11 R 0 -369 31 0
12 R 0 -403 45 0
13 R 0 -423 240 0
14 R 0 -458 47 0
15 R 0 -490 420 0
16 R 0 -64 248 0
17 R 0 -88 300 0
18 R 0 -107 331 0
19 R 0 -136 49 0
20 R 0 -112 341 0
21 R 0 -167 65 0
22 R 0 -179 74 0
23 R 0 -258 75 0
24 R 0 -263 414 0
25 R 0 -282 435 0
26 R 0 -309 110 0
27 R 0 -318 0
28 R 0 -350 111 0
29 R 0 -426 0
30 R 0 -449 161 0
31 R 0 -457 0
32 R 0 -465 0
33 R 0 -499 0
34 R 0 -1 0
35 R 0 -94 0
36 R 0 -114 0
37 R 0 -162 0
38 R 0 -201 0
39 R 0 -194 0
40 R 0 -272 0
41 R 0 -413 0
42 R 0 -429 0
43 R 0 -215 0
44 R 0 -352 182 0
45 R 0 -399 189 0
46 R 0 -224 0
47 R 0 -495 0
48 R 0 -242 0
49 R 0 -290 0
50 R 0 -316 0
51 R 0 -407 0
52 R 0 191 0
53 R 0 212 0
54 R 0 297 0
55 R 0 374 0
56 R 0 384 0
57 R 0 394 0
58 R 0 416 0
59 R 0 431 0
60 R 0 452 0
61 R 0 462 0
62 R 0 472 0

DAY = 5
NUMBER_OF_VEHICLES = 43
1 R 0 -78 48 0
2 R 0 -203 80 0
3 R 0 -134 5 0
4 R 0 -264 129 0
5 R 0 -198 8 0
6 R 0 -244 70 0
7 R 0 -311 113 0
8 R 0 -325 174 0
9 R 0 -379 130 0
10 R 0 -388 153 0
11 R 0 -400 200 0
12 R 0 -425 231 0
13 R 0 -442 236 0
14 R 0 -11 183 0
15 R 0 -145 192 0
16 R 0 -105 287 0
17 R 0 -42 20 0
18 R 0 -121 289 0
19 R 0 -345 353 0
20 R 0 -230 38 0
21 R 0 -247 228 0
22 R 0 -274 229 0
23 R 0 -329 294 0
24 R 0 -344 298 0
25 R 0 -446 62 0
26 R 0 -461 365 0
27 R 0 -493 150 0
28 R 0 -26 207 0
29 R 0 -220 354 0
30 R 0 -33 408 0
31 R 0 -331 451 0
32 R 0 -435 363 0
33 R 0 -110 265 0
34 R 0 -189 393 0
35 R 0 -416 409 0
36 R 0 373 0
37 R 0 397 0
38 R 0 422 0
39 R 0 443 0
40 R 0 445 0
41 R 0 466 0
42 R 0 468 0
43 R 0 479 0

DAY = 6
NUMBER_OF_VEHICLES = 47
1 R 0 -6 140 0
2 R 0 -13 158 0
3 R 0 -175 24 0
4 R 0 -54 159 0
5 R 0 -109 177 0
6 R 0 -211 10 0
7 R 0 -168 195 0
8 R 0 -359 67 0
9 R 0 -268 234 0
10 R 0 -283 238 0
11 R 0 -488 176 0
12 R 0 -278 12 0
13 R 0 -433 259 0
14 R 0 -18 262 0
15 R 0 -14 209 0
16 R 0 -68 249 0
17 R 0 -288 302 0
18 R 0 -240 41 0
19 R 0 -47 292 0
20 R 0 -420 337 0
21 R 0 -65 301 0
22 R 0 -182 312 0
23 R 0 -191 313 0
24 R 0 -384 372 0
25 R 0 -394 437 0
26 R 0 -472 439 0
27 R 0 -48 348 0
28 R 0 -200 349 0
29 R 0 -289 360 0
30 R 0 -353 415 0
31 R 0 -294 149 0
32 R 0 -150 487 0
33 R 0 -451 206 0
34 R 0 -363 418 0
35 R 0 -393 489 0
36 R 0 -397 454 0
37 R 0 -466 0
38 R 0 219 0
39 R 0 243 0
40 R 0 246 0
41 R 0 320 0
42 R 0 340 0
43 R 0 364 0
44 R 0 366 0
45 R 0 371 0
46 R 0 410 0
47 R 0 463 0

DAY = 7
NUMBER_OF_VEHICLES = 59
1 R 0 -73 25 0
2 R 0 -7 27 0
3 R 0 -396 58 0
4 R 0 -31 16 0
5 R 0 -45 17 0
6 R 0 -248 34 0
7 R 0 -300 43 0
8 R 0 -49 19 0
9 R 0 -341 51 0
10 R 0 -74 99 0
11 R 0 -75 154 0
12 R 0 -414 60 0
13 R 0 -111 160 0
14 R 0 -161 186 0
15 R 0 -212 199 0
16 R 0 -297 253 0
17 R 0 -374 267 0
18 R 0 -431 333 0
19 R 0 -452 335 0
20 R 0 -462 357 0
21 R 0 -80 90 0
22 R 0 -8 69 0
23 R 0 -113 100 0
24 R 0 -174 116 0
25 R 0 -236 108 0
26 R 0 -287 122 0
27 R 0 -38 464 0
28 R 0 -228 125 0
29 R 0 -229 131 0
30 R 0 -298 204 0
31 R 0 -62 471 0
32 R 0 -365 239 0
33 R 0 -408 241 0
34 R 0 -373 144 0
35 R 0 -468 148 0
36 R 0 -479 477 0
37 R 0 -24 170 0
38 R 0 -159 0
39 R 0 -177 0
40 R 0 -195 0
41 R 0 -67 218 0
42 R 0 -238 0
43 R 0 -292 0
44 R 0 -301 0
45 R 0 -439 0
46 R 0 -360 270 0
47 R 0 -149 295 0
48 R 0 -489 0
49 R 0 -454 293 0
50 R 0 -243 338 0
51 R 0 -320 381 0
52 R 0 -364 411 0
53 R 0 -371 432 0
54 R 0 -410 436 0
55 R 0 -463 492 0
56 R 0 310 0
57 R 0 404 0
58 R 0 459 0
59 R 0 483 0

DAY = 8
NUMBER_OF_VEHICLES = 45
1 R 0 -5 3 0
2 R 0 -129 4 0
3 R 0 -70 23 0
4 R 0 -130 22 0
5 R 0 -153 61 0
6 R 0 -231 82 0
7 R 0 -183 44 0
8 R 0 -192 84 0
9 R 0 -20 37 0
10 R 0 -207 71 0
11 R 0 -354 85 0
12 R 0 -265 152 0
13 R 0 -409 163 0
14 R 0 -422 214 0
15 R 0 -443 118 0
16 R 0 -445 222 0
17 R 0 -140 251 0
18 R 0 -10 91 0
19 R 0 -12 102 0
20 R 0 -41 187 0
21 R 0 -337 250 0
22 R 0 -312 315 0
23 R 0 -372 324 0
24 R 0 -415 266 0
25 R 0 -246 277 0
26 R 0 -366 327 0
27 R 0 -58 280 0
28 R 0 -253 356 0
29 R 0 -69 351 0
30 R 0 -464 421 0
31 R 0 -125 376 0
32 R 0 -131 412 0
33 R 0 -170 321 0
34 R 0 -293 332 0
35 R 0 336 0
36 R 0 343 0
37 R 0 406 0
38 R 0 427 0
39 R 0 448 0
40 R 0 455 0
41 R 0 470 0
42 R 0 486 0
43 R 0 491 0
44 R 0 494 0
45 R 0 498 0

DAY = 9
NUMBER_OF_VEHICLES = 49
1 R 0 -158 52 0
2 R 0 -234 89 0
3 R 0 -176 2 0
4 R 0 -259 95 0
5 R 0 -262 126 0
6 R 0 -209 81 0
7 R 0 -249 92 0
8 R 0 -302 135 0
9 R 0 -313 190 0
10 R 0 -437 257 0
11 R 0 -348 137 0
12 R 0 -349 156 0
13 R 0 -487 260 0
14 R 0 -206 29 0
15 R 0 -418 205 0
16 R 0 -219 35 0
17 R 0 -340 104 0
18 R 0 -43 124 0
19 R 0 -51 127 0
20 R 0 -60 193 0
21 R 0 -160 284 0
22 R 0 -186 342 0
23 R 0 -357 0
24 R 0 -100 221 0
25 R 0 -108 232 0
26 R 0 -471 0
27 R 0 -241 235 0
28 R 0 -218 285 0
29 R 0 -338 317 0
30 R 0 -381 328 0
31 R 0 -432 377 0
32 R 0 -436 389 0
33 R 0 -492 419 0
34 R 0 -459 299 0
35 R 0 -22 323 0
36 R 0 -84 440 0
37 R 0 -37 0
38 R 0 -71 0
39 R 0 -163 0
40 R 0 -250 417 0
41 R 0 -324 0
42 R 0 -277 484 0
43 R 0 -327 0
44 R 0 -356 0
45 R 0 -421 0
46 R 0 -336 482 0
47 R 0 -406 497 0
48 R 0 -455 0
49 R 0 -498 0

DAY = 10
NUMBER_OF_VEHICLES = 58
1 R 0 -25 96 0
2 R 0 -27 30 0
3 R 0 -16 93 0
4 R 0 -17 143 0
5 R 0 -34 50 0
6 R 0 -19 261 0
7 R 0 -99 347 0
8 R 0 -154 361 0
9 R 0 -199 385 0
10 R 0 -267 386 0
11 R 0 -333 398 0
12 R 0 -335 401 0
13 R 0 -90 128 0
14 R 0 -116 56 0
15 R 0 -122 142 0
16 R 0 -204 106 0
17 R 0 -239 141 0
18 R 0 -144 378 0
19 R 0 -148 392 0
20 R 0 -477 405 0
21 R 0 -270 0
22 R 0 -295 208 0
23 R 0 -411 213 0
24 R 0 -310 0
25 R 0 -404 0
26 R 0 -483 0
27 R 0 -3 216 0
28 R 0 -4 0
29 R 0 -61 0
30 R 0 -44 307 0
31 R 0 -85 0
32 R 0 -152 0
33 R 0 -214 0
34 R 0 -91 339 0
35 R 0 -266 0
36 R 0 -351 355 0
37 R 0 -412 368 0
38 R 0 -321 0
39 R 0 -332 0
40 R 0 -343 0
41 R 0 -448 430 0
42 R 0 -486 460 0
43 R 0 -494 0
44 R 0 -89 0
45 R 0 -126 0
46 R 0 -135 0
47 R 0 -257 0
48 R 0 -137 0
49 R 0 -260 0
50 R 0 -127 475 0
51 R 0 -232 0
52 R 0 -285 0
53 R 0 -317 481 0
54 R 0 -389 0
55 R 0 -299 0
56 R 0 -323 0
57 R 0 -440 0
58 R 0 -482 0

DAY = 11
NUMBER_OF_VEHICLES = 44
1 R 0 -23 15 0
2 R 0 -82 40 0
3 R 0 -118 119 0
4 R 0 -222 123 0
5 R 0 -251 21 0
6 R 0 -102 120 0
7 R 0 -187 132 0
8 R 0 -315 39 0
9 R 0 -280 166 0
10 R 0 -376 146 0
11 R 0 -427 147 0
12 R 0 -470 184 0
13 R 0 -491 245 0
14 R 0 -52 59 0
15 R 0 -95 72 0
16 R 0 -190 86 0
17 R 0 -205 275 0
18 R 0 -35 197 0
19 R 0 -193 279 0
20 R 0 -284 97 0
21 R 0 -342 181 0
22 R 0 -235 305 0
23 R 0 -328 308 0
24 R 0 -417 296 0
25 R 0 -497 306 0
26 R 0 -96 367 0
27 R 0 -93 271 0
28 R 0 -347 276 0
29 R 0 -398 314 0
30 R 0 -106 382 0
31 R 0 -141 383 0
32 R 0 -378 434 0
33 R 0 -208 387 0
34 R 0 -213 402 0
35 R 0 -307 447 0
36 R 0 346 0
37 R 0 380 0
38 R 0 390 0
39 R 0 444 0
40 R 0 450 0
41 R 0 453 0
42 R 0 456 0
43 R 0 474 0
44 R 0 478 0

DAY = 12
NUMBER_OF_VEHICLES = 40
1 R 0 -2 36 0
2 R 0 -81 66 0
3 R 0 -92 185 0
4 R 0 -156 237 0
5 R 0 -29 133 0
6 R 0 -104 169 0
7 R 0 -124 178 0
8 R 0 -221 467 0
9 R 0 -377 0
10 R 0 -419 0
11 R 0 -484 0
12 R 0 -30 0
13 R 0 -361 273 0
14 R 0 -385 438 0
15 R 0 -392 255 0
16 R 0 -216 0
17 R 0 -460 0
18 R 0 -15 0
19 R 0 -123 304 0
20 R 0 -21 469 0
21 R 0 -39 500 0
22 R 0 -166 476 0
23 R 0 -146 0
24 R 0 -147 0
25 R 0 -59 0
26 R 0 -72 0
27 R 0 -296 0
28 R 0 -306 0
29 R 0 -367 0
30 R 0 -271 0
31 R 0 -276 0
32 R 0 -382 0
33 R 0 -383 0
34 R 0 -434 0
35 R 0 -402 0
36 R 0 -447 0
37 R 0 -450 0
38 R 0 -456 0
39 R 0 -474 0
40 R 0 -478 0

DAY = 13
NUMBER_OF_VEHICLES = 39
1 R 0 -143 76 0
2 R 0 -50 172 0
3 R 0 -261 202 0
4 R 0 -386 254 0
5 R 0 -401 0
6 R 0 -128 53 0
7 R 0 -56 0
8 R 0 -142 165 0
9 R 0 -405 0
10 R 0 -339 0
11 R 0 -355 0
12 R 0 -368 0
13 R 0 -430 0
14 R 0 -475 0
15 R 0 -481 0
16 R 0 -40 0
17 R 0 -132 0
18 R 0 -184 0
19 R 0 -197 0
20 R 0 -279 0
21 R 0 -97 0
22 R 0 -181 0
23 R 0 -308 0
24 R 0 -314 0
25 R 0 -346 0
26 R 0 -380 0
27 R 0 -390 0
28 R 0 -444 0
29 R 0 -453 0
30 R 0 -36 0
31 R 0 -185 0
32 R 0 -237 0
33 R 0 -133 0
34 R 0 -178 0
35 R 0 -467 0
36 R 0 -273 0
37 R 0 -255 0
38 R 0 -304 0
39 R 0 -476 0

DAY = 14
NUMBER_OF_VEHICLES = 18
1 R 0 -119 0
2 R 0 -120 0
3 R 0 -245 0
4 R 0 -86 0
5 R 0 -275 0
6 R 0 -305 0
7 R 0 -387 0
8 R 0 -66 0
9 R 0 -169 0
10 R 0 -438 0
11 R 0 -469 0
12 R 0 -500 0
13 R 0 -76 0
14 R 0 -172 0
15 R 0 -202 0
16 R 0 -254 0
17 R 0 -53 0
18 R 0 -165 0

