DATASET = All time best instance set VeRoLog competition
NAME = tools over vehicle days over vehicles over distance with 100 requests over 10 days

DAY = 1
NUMBER_OF_VEHICLES = 10
1 R 0 13 0
2 R 0 17 0
3 R 0 26 0
4 R 0 37 0
5 R 0 44 0
6 R 0 47 0
7 R 0 58 0
8 R 0 60 0
9 R 0 61 0
10 R 0 86 0

DAY = 2
NUMBER_OF_VEHICLES = 19
1 R 0 -44 5 0
2 R 0 -58 11 0
3 R 0 -61 22 0
4 R 0 24 0
5 R 0 25 0
6 R 0 27 0
7 R 0 34 0
8 R 0 42 0
9 R 0 48 0
10 R 0 50 0
11 R 0 59 0
12 R 0 62 0
13 R 0 64 0
14 R 0 77 0
15 R 0 79 0
16 R 0 83 0
17 R 0 94 0
18 R 0 98 0
19 R 0 100 0

DAY = 3
NUMBER_OF_VEHICLES = 19
1 R 0 -17 28 0
2 R 0 -26 39 0
3 R 0 -37 46 0
4 R 0 -11 3 0
5 R 0 -62 51 0
6 R 0 -77 55 0
7 R 0 -100 54 0
8 R 0 9 0
9 R 0 10 0
10 R 0 18 0
11 R 0 23 0
12 R 0 30 0
13 R 0 31 0
14 R 0 52 0
15 R 0 56 0
16 R 0 67 0
17 R 0 69 0
18 R 0 84 0
19 R 0 93 0

DAY = 4
NUMBER_OF_VEHICLES = 25
1 R 0 -13 70 0
2 R 0 -47 20 0
3 R 0 -60 72 0
4 R 0 -86 8 0
5 R 0 -5 43 0
6 R 0 -24 14 0
7 R 0 -27 76 0
8 R 0 -42 92 0
9 R 0 -48 49 0
10 R 0 -64 87 0
11 R 0 -79 57 0
12 R 0 -83 0
13 R 0 -3 0
14 R 0 -54 40 0
15 R 0 -30 29 0
16 R 0 -56 35 0
17 R 0 -93 96 0
18 R 0 41 0
19 R 0 53 0
20 R 0 63 0
21 R 0 66 0
22 R 0 71 0
23 R 0 74 0
24 R 0 90 0
25 R 0 99 0

DAY = 5
NUMBER_OF_VEHICLES = 23
1 R 0 -22 73 0
2 R 0 -25 75 0
3 R 0 -34 7 0
4 R 0 -50 19 0
5 R 0 -59 0
6 R 0 -94 0
7 R 0 -98 12 0
8 R 0 -28 0
9 R 0 -39 16 0
10 R 0 -51 36 0
11 R 0 -55 0
12 R 0 -67 2 0
13 R 0 -72 45 0
14 R 0 -43 0
15 R 0 -87 65 0
16 R 0 -96 0
17 R 0 -41 15 0
18 R 0 -63 82 0
19 R 0 68 0
20 R 0 80 0
21 R 0 81 0
22 R 0 85 0
23 R 0 91 0

DAY = 6
NUMBER_OF_VEHICLES = 24
1 R 0 -46 97 0
2 R 0 -9 32 0
3 R 0 -10 0
4 R 0 -18 0
5 R 0 -23 0
6 R 0 -31 0
7 R 0 -52 1 0
8 R 0 -69 0
9 R 0 -84 0
10 R 0 -20 0
11 R 0 -8 89 0
12 R 0 -14 78 0
13 R 0 -76 0
14 R 0 -92 0
15 R 0 -57 95 0
16 R 0 -40 0
17 R 0 -66 0
18 R 0 -90 0
19 R 0 -75 0
20 R 0 -7 0
21 R 0 -19 0
22 R 0 -15 0
23 R 0 -68 0
24 R 0 -91 0

DAY = 7
NUMBER_OF_VEHICLES = 18
1 R 0 -70 6 0
2 R 0 -49 88 0
3 R 0 -29 4 0
4 R 0 -35 33 0
5 R 0 -53 38 0
6 R 0 -71 0
7 R 0 -74 0
8 R 0 -99 0
9 R 0 -12 0
10 R 0 -16 0
11 R 0 -36 0
12 R 0 -2 0
13 R 0 -97 0
14 R 0 -32 0
15 R 0 -1 0
16 R 0 -89 0
17 R 0 -95 0
18 R 0 21 0

DAY = 8
NUMBER_OF_VEHICLES = 11
1 R 0 -73 0
2 R 0 -45 0
3 R 0 -65 0
4 R 0 -82 0
5 R 0 -80 0
6 R 0 -81 0
7 R 0 -85 0
8 R 0 -78 0
9 R 0 -88 0
10 R 0 -33 0
11 R 0 -38 0

DAY = 9
NUMBER_OF_VEHICLES = 3
1 R 0 -6 0
2 R 0 -4 0
3 R 0 -21 0

