DATASET = All time best instance set VeRoLog competition
NAME = tools over vehicles over vehicle days over distance with 1000 requests over 25 days

DAY = 1
NUMBER_OF_VEHICLES = 51
1 R 0 36 0
2 R 0 75 0
3 R 0 93 0
4 R 0 100 0
5 R 0 103 0
6 R 0 118 0
7 R 0 134 0
8 R 0 155 0
9 R 0 168 0
10 R 0 187 0
11 R 0 216 0
12 R 0 231 0
13 R 0 233 0
14 R 0 243 0
15 R 0 262 0
16 R 0 299 0
17 R 0 300 0
18 R 0 302 0
19 R 0 328 0
20 R 0 367 0
21 R 0 399 0
22 R 0 410 0
23 R 0 422 0
24 R 0 459 0
25 R 0 469 0
26 R 0 481 0
27 R 0 518 0
28 R 0 554 0
29 R 0 566 0
30 R 0 607 0
31 R 0 650 0
32 R 0 664 0
33 R 0 686 0
34 R 0 692 0
35 R 0 693 0
36 R 0 717 0
37 R 0 721 0
38 R 0 727 0
39 R 0 735 0
40 R 0 741 0
41 R 0 749 0
42 R 0 788 0
43 R 0 808 0
44 R 0 835 0
45 R 0 845 0
46 R 0 916 0
47 R 0 935 0
48 R 0 947 0
49 R 0 962 0
50 R 0 991 0
51 R 0 998 0

DAY = 2
NUMBER_OF_VEHICLES = 55
1 R 0 -187 38 0
2 R 0 -243 20 0
3 R 0 -300 59 0
4 R 0 -399 28 0
5 R 0 -481 69 0
6 R 0 -566 0
7 R 0 -650 0
8 R 0 -717 80 0
9 R 0 -749 136 0
10 R 0 -916 96 0
11 R 0 105 0
12 R 0 130 0
13 R 0 141 0
14 R 0 147 0
15 R 0 183 0
16 R 0 235 0
17 R 0 361 0
18 R 0 364 0
19 R 0 373 0
20 R 0 394 0
21 R 0 409 0
22 R 0 424 0
23 R 0 446 0
24 R 0 449 0
25 R 0 476 0
26 R 0 486 0
27 R 0 508 0
28 R 0 527 0
29 R 0 557 0
30 R 0 578 0
31 R 0 593 0
32 R 0 605 0
33 R 0 612 0
34 R 0 618 0
35 R 0 636 0
36 R 0 649 0
37 R 0 657 0
38 R 0 725 0
39 R 0 748 0
40 R 0 760 0
41 R 0 777 0
42 R 0 815 0
43 R 0 825 0
44 R 0 826 0
45 R 0 833 0
46 R 0 850 0
47 R 0 877 0
48 R 0 883 0
49 R 0 890 0
50 R 0 901 0
51 R 0 903 0
52 R 0 918 0
53 R 0 933 0
54 R 0 950 0
55 R 0 982 0

DAY = 3
NUMBER_OF_VEHICLES = 49
1 R 0 -36 106 0
2 R 0 -75 122 0
3 R 0 -134 77 0
4 R 0 -216 116 0
5 R 0 -231 254 0
6 R 0 -302 260 0
7 R 0 -328 0
8 R 0 -410 123 0
9 R 0 -459 0
10 R 0 -518 154 0
11 R 0 -554 0
12 R 0 -664 0
13 R 0 -693 194 0
14 R 0 -735 0
15 R 0 -741 283 0
16 R 0 -788 252 0
17 R 0 -808 272 0
18 R 0 -845 357 0
19 R 0 -991 533 0
20 R 0 -20 590 0
21 R 0 -136 296 0
22 R 0 -96 596 0
23 R 0 -105 632 0
24 R 0 -130 847 0
25 R 0 -409 911 0
26 R 0 -446 353 0
27 R 0 -449 961 0
28 R 0 -557 0
29 R 0 -636 0
30 R 0 -649 0
31 R 0 -760 458 0
32 R 0 -777 0
33 R 0 -883 0
34 R 0 -901 0
35 R 0 -903 0
36 R 0 -933 0
37 R 0 -950 0
38 R 0 493 0
39 R 0 531 0
40 R 0 547 0
41 R 0 563 0
42 R 0 626 0
43 R 0 645 0
44 R 0 654 0
45 R 0 764 0
46 R 0 778 0
47 R 0 800 0
48 R 0 853 0
49 R 0 941 0

DAY = 4
NUMBER_OF_VEHICLES = 57
1 R 0 -93 46 0
2 R 0 -100 92 0
3 R 0 -103 5 0
4 R 0 -118 117 0
5 R 0 -155 0
6 R 0 -168 245 0
7 R 0 -233 29 0
8 R 0 -262 246 0
9 R 0 -299 250 0
10 R 0 -367 325 0
11 R 0 -422 31 0
12 R 0 -469 37 0
13 R 0 -607 56 0
14 R 0 -686 348 0
15 R 0 -692 87 0
16 R 0 -721 436 0
17 R 0 -727 466 0
18 R 0 -835 489 0
19 R 0 -935 113 0
20 R 0 -947 207 0
21 R 0 -962 214 0
22 R 0 -998 220 0
23 R 0 -38 238 0
24 R 0 -59 241 0
25 R 0 -28 514 0
26 R 0 -80 0
27 R 0 -141 584 0
28 R 0 -147 341 0
29 R 0 -361 592 0
30 R 0 -364 343 0
31 R 0 -476 382 0
32 R 0 -508 0
33 R 0 -657 391 0
34 R 0 -725 639 0
35 R 0 -748 450 0
36 R 0 -890 0
37 R 0 -982 0
38 R 0 -106 456 0
39 R 0 -122 478 0
40 R 0 -123 647 0
41 R 0 -357 726 0
42 R 0 -533 832 0
43 R 0 -296 488 0
44 R 0 -911 851 0
45 R 0 -961 860 0
46 R 0 -626 530 0
47 R 0 -645 678 0
48 R 0 -654 706 0
49 R 0 -800 745 0
50 R 0 841 0
51 R 0 842 0
52 R 0 848 0
53 R 0 871 0
54 R 0 928 0
55 R 0 931 0
56 R 0 956 0
57 R 0 970 0

DAY = 5
NUMBER_OF_VEHICLES = 58
1 R 0 -69 17 0
2 R 0 -183 99 0
3 R 0 -235 102 0
4 R 0 -373 39 0
5 R 0 -394 0
6 R 0 -424 143 0
7 R 0 -486 132 0
8 R 0 -527 144 0
9 R 0 -578 0
10 R 0 -593 149 0
11 R 0 -605 242 0
12 R 0 -612 157 0
13 R 0 -618 0
14 R 0 -815 273 0
15 R 0 -825 314 0
16 R 0 -826 332 0
17 R 0 -833 359 0
18 R 0 -850 429 0
19 R 0 -877 277 0
20 R 0 -918 280 0
21 R 0 -77 523 0
22 R 0 -116 545 0
23 R 0 -254 288 0
24 R 0 -154 600 0
25 R 0 -194 633 0
26 R 0 -252 644 0
27 R 0 -590 648 0
28 R 0 -596 675 0
29 R 0 -353 333 0
30 R 0 -493 0
31 R 0 -547 350 0
32 R 0 -563 372 0
33 R 0 -778 376 0
34 R 0 -46 677 0
35 R 0 -250 759 0
36 R 0 -348 0
37 R 0 -214 390 0
38 R 0 -514 0
39 R 0 -343 428 0
40 R 0 -391 432 0
41 R 0 -639 0
42 R 0 -647 761 0
43 R 0 -726 806 0
44 R 0 -488 441 0
45 R 0 -706 498 0
46 R 0 -848 561 0
47 R 0 -871 663 0
48 R 0 -928 852 0
49 R 0 -970 905 0
50 R 0 816 0
51 R 0 857 0
52 R 0 863 0
53 R 0 869 0
54 R 0 909 0
55 R 0 912 0
56 R 0 926 0
57 R 0 936 0
58 R 0 988 0

DAY = 6
NUMBER_OF_VEHICLES = 47
1 R 0 -260 18 0
2 R 0 -283 0
3 R 0 -272 26 0
4 R 0 -632 90 0
5 R 0 -847 176 0
6 R 0 -458 57 0
7 R 0 -531 131 0
8 R 0 -764 0
9 R 0 -853 138 0
10 R 0 -941 169 0
11 R 0 -325 206 0
12 R 0 -56 193 0
13 R 0 -436 307 0
14 R 0 -489 315 0
15 R 0 -113 204 0
16 R 0 -220 229 0
17 R 0 -584 330 0
18 R 0 -592 346 0
19 R 0 -382 255 0
20 R 0 -478 278 0
21 R 0 -832 425 0
22 R 0 -530 295 0
23 R 0 -745 0
24 R 0 -841 335 0
25 R 0 -931 408 0
26 R 0 -956 509 0
27 R 0 -39 487 0
28 R 0 -144 535 0
29 R 0 -429 540 0
30 R 0 -277 577 0
31 R 0 -280 668 0
32 R 0 -288 779 0
33 R 0 -600 635 0
34 R 0 -372 811 0
35 R 0 -376 940 0
36 R 0 -677 661 0
37 R 0 -759 801 0
38 R 0 -390 968 0
39 R 0 -909 971 0
40 R 0 -926 843 0
41 R 0 861 0
42 R 0 865 0
43 R 0 929 0
44 R 0 939 0
45 R 0 959 0
46 R 0 987 0
47 R 0 997 0

DAY = 7
NUMBER_OF_VEHICLES = 59
1 R 0 -92 67 0
2 R 0 -5 2 0
3 R 0 -117 76 0
4 R 0 -245 0
5 R 0 -29 68 0
6 R 0 -246 79 0
7 R 0 -31 104 0
8 R 0 -37 108 0
9 R 0 -87 165 0
10 R 0 -466 153 0
11 R 0 -207 208 0
12 R 0 -238 291 0
13 R 0 -241 292 0
14 R 0 -341 349 0
15 R 0 -450 454 0
16 R 0 -456 502 0
17 R 0 -851 171 0
18 R 0 -860 202 0
19 R 0 -678 580 0
20 R 0 -842 601 0
21 R 0 -17 732 0
22 R 0 -102 0
23 R 0 -143 0
24 R 0 -132 784 0
25 R 0 -149 0
26 R 0 -242 881 0
27 R 0 -157 0
28 R 0 -273 276 0
29 R 0 -314 306 0
30 R 0 -633 352 0
31 R 0 -644 354 0
32 R 0 -675 363 0
33 R 0 -432 930 0
34 R 0 -761 0
35 R 0 -806 386 0
36 R 0 -441 948 0
37 R 0 -663 952 0
38 R 0 -852 957 0
39 R 0 -857 528 0
40 R 0 -869 581 0
41 R 0 -936 0
42 R 0 -988 0
43 R 0 -138 0
44 R 0 -307 587 0
45 R 0 -255 0
46 R 0 -278 0
47 R 0 -335 0
48 R 0 -509 621 0
49 R 0 -487 0
50 R 0 -535 0
51 R 0 -811 0
52 R 0 -801 638 0
53 R 0 -861 666 0
54 R 0 -939 679 0
55 R 0 718 0
56 R 0 812 0
57 R 0 874 0
58 R 0 879 0
59 R 0 972 0

DAY = 8
NUMBER_OF_VEHICLES = 56
1 R 0 -99 35 0
2 R 0 -332 66 0
3 R 0 -359 111 0
4 R 0 -523 133 0
5 R 0 -545 135 0
6 R 0 -648 0
7 R 0 -333 48 0
8 R 0 -350 281 0
9 R 0 -428 305 0
10 R 0 -498 574 0
11 R 0 -561 576 0
12 R 0 -905 614 0
13 R 0 -816 150 0
14 R 0 -863 209 0
15 R 0 -912 215 0
16 R 0 -26 223 0
17 R 0 -57 751 0
18 R 0 -169 754 0
19 R 0 -206 351 0
20 R 0 -204 0
21 R 0 -229 0
22 R 0 -346 412 0
23 R 0 -425 447 0
24 R 0 -408 0
25 R 0 -540 555 0
26 R 0 -577 793 0
27 R 0 -779 827 0
28 R 0 -968 896 0
29 R 0 -971 921 0
30 R 0 -865 565 0
31 R 0 -929 0
32 R 0 -2 969 0
33 R 0 -76 0
34 R 0 -68 0
35 R 0 -108 0
36 R 0 -165 0
37 R 0 -153 0
38 R 0 -208 0
39 R 0 -291 0
40 R 0 -171 0
41 R 0 -601 0
42 R 0 -276 0
43 R 0 -930 0
44 R 0 -948 0
45 R 0 -952 0
46 R 0 -957 0
47 R 0 -528 0
48 R 0 -581 0
49 R 0 -718 0
50 R 0 -812 0
51 R 0 -879 0
52 R 0 629 0
53 R 0 781 0
54 R 0 904 0
55 R 0 923 0
56 R 0 945 0

DAY = 9
NUMBER_OF_VEHICLES = 54
1 R 0 -18 7 0
2 R 0 -90 73 0
3 R 0 -176 89 0
4 R 0 -131 0
5 R 0 -193 30 0
6 R 0 -315 164 0
7 R 0 -330 192 0
8 R 0 -295 60 0
9 R 0 -668 0
10 R 0 -635 196 0
11 R 0 -940 61 0
12 R 0 -661 230 0
13 R 0 -843 418 0
14 R 0 -959 480 0
15 R 0 -987 64 0
16 R 0 -997 507 0
17 R 0 -292 70 0
18 R 0 -349 71 0
19 R 0 -502 107 0
20 R 0 -202 0
21 R 0 -580 148 0
22 R 0 -881 184 0
23 R 0 -306 0
24 R 0 -352 513 0
25 R 0 -354 579 0
26 R 0 -363 582 0
27 R 0 -587 615 0
28 R 0 -679 624 0
29 R 0 -874 696 0
30 R 0 -150 703 0
31 R 0 -209 711 0
32 R 0 -223 746 0
33 R 0 -751 200 0
34 R 0 -447 747 0
35 R 0 -793 0
36 R 0 -565 767 0
37 R 0 -969 269 0
38 R 0 -629 0
39 R 0 -781 809 0
40 R 0 -904 849 0
41 R 0 334 0
42 R 0 377 0
43 R 0 383 0
44 R 0 411 0
45 R 0 420 0
46 R 0 537 0
47 R 0 549 0
48 R 0 643 0
49 R 0 705 0
50 R 0 743 0
51 R 0 876 0
52 R 0 913 0
53 R 0 965 0
54 R 0 995 0

DAY = 10
NUMBER_OF_VEHICLES = 59
1 R 0 -67 13 0
2 R 0 -79 0
3 R 0 -104 10 0
4 R 0 -454 41 0
5 R 0 -732 82 0
6 R 0 -784 91 0
7 R 0 -386 50 0
8 R 0 -621 197 0
9 R 0 -638 279 0
10 R 0 -666 287 0
11 R 0 -972 309 0
12 R 0 -35 319 0
13 R 0 -135 320 0
14 R 0 -48 110 0
15 R 0 -281 137 0
16 R 0 -574 151 0
17 R 0 -576 178 0
18 R 0 -215 336 0
19 R 0 -754 345 0
20 R 0 -412 347 0
21 R 0 -73 512 0
22 R 0 -192 525 0
23 R 0 -60 491 0
24 R 0 -196 536 0
25 R 0 -61 0
26 R 0 -230 558 0
27 R 0 -507 571 0
28 R 0 -71 504 0
29 R 0 -579 599 0
30 R 0 -624 619 0
31 R 0 -711 656 0
32 R 0 -747 712 0
33 R 0 -767 742 0
34 R 0 -849 770 0
35 R 0 -334 0
36 R 0 -411 0
37 R 0 -643 505 0
38 R 0 -876 786 0
39 R 0 -995 552 0
40 R 0 628 0
41 R 0 659 0
42 R 0 683 0
43 R 0 758 0
44 R 0 765 0
45 R 0 785 0
46 R 0 814 0
47 R 0 824 0
48 R 0 830 0
49 R 0 854 0
50 R 0 878 0
51 R 0 880 0
52 R 0 888 0
53 R 0 895 0
54 R 0 898 0
55 R 0 919 0
56 R 0 932 0
57 R 0 949 0
58 R 0 967 0
59 R 0 993 0

DAY = 11
NUMBER_OF_VEHICLES = 51
1 R 0 -66 55 0
2 R 0 -111 160 0
3 R 0 -133 174 0
4 R 0 -305 43 0
5 R 0 -614 47 0
6 R 0 -351 240 0
7 R 0 -555 285 0
8 R 0 -827 49 0
9 R 0 -896 84 0
10 R 0 -921 94 0
11 R 0 -923 417 0
12 R 0 -945 490 0
13 R 0 -7 191 0
14 R 0 -480 653 0
15 R 0 -64 201 0
16 R 0 -70 212 0
17 R 0 -148 256 0
18 R 0 -615 676 0
19 R 0 -696 698 0
20 R 0 -703 738 0
21 R 0 -200 261 0
22 R 0 -269 265 0
23 R 0 -809 818 0
24 R 0 -743 297 0
25 R 0 -913 840 0
26 R 0 -965 322 0
27 R 0 -41 421 0
28 R 0 -82 442 0
29 R 0 -50 862 0
30 R 0 -151 474 0
31 R 0 -178 494 0
32 R 0 -345 609 0
33 R 0 -491 652 0
34 R 0 -558 867 0
35 R 0 -619 872 0
36 R 0 -656 884 0
37 R 0 -505 0
38 R 0 -659 658 0
39 R 0 -830 893 0
40 R 0 -854 691 0
41 R 0 -888 0
42 R 0 -898 699 0
43 R 0 -949 953 0
44 R 0 -993 772 0
45 R 0 774 0
46 R 0 789 0
47 R 0 810 0
48 R 0 846 0
49 R 0 975 0
50 R 0 977 0
51 R 0 985 0

DAY = 12
NUMBER_OF_VEHICLES = 64
1 R 0 -89 125 0
2 R 0 -30 97 0
3 R 0 -164 0
4 R 0 -418 0
5 R 0 -107 152 0
6 R 0 -184 203 0
7 R 0 -513 127 0
8 R 0 -582 163 0
9 R 0 -746 0
10 R 0 -377 217 0
11 R 0 -383 370 0
12 R 0 -420 452 0
13 R 0 -537 465 0
14 R 0 -549 475 0
15 R 0 -705 492 0
16 R 0 -91 496 0
17 R 0 -287 0
18 R 0 -110 519 0
19 R 0 -336 188 0
20 R 0 -347 228 0
21 R 0 -512 366 0
22 R 0 -536 378 0
23 R 0 -571 0
24 R 0 -504 553 0
25 R 0 -599 385 0
26 R 0 -786 395 0
27 R 0 -758 556 0
28 R 0 -814 568 0
29 R 0 -932 0
30 R 0 -285 0
31 R 0 -49 585 0
32 R 0 -94 671 0
33 R 0 -201 687 0
34 R 0 -256 724 0
35 R 0 -698 397 0
36 R 0 -738 405 0
37 R 0 -818 0
38 R 0 -862 415 0
39 R 0 -652 739 0
40 R 0 -867 433 0
41 R 0 -789 0
42 R 0 -977 435 0
43 R 0 453 0
44 R 0 500 0
45 R 0 543 0
46 R 0 548 0
47 R 0 550 0
48 R 0 655 0
49 R 0 672 0
50 R 0 736 0
51 R 0 753 0
52 R 0 762 0
53 R 0 766 0
54 R 0 775 0
55 R 0 794 0
56 R 0 836 0
57 R 0 838 0
58 R 0 875 0
59 R 0 894 0
60 R 0 917 0
61 R 0 922 0
62 R 0 927 0
63 R 0 954 0
64 R 0 963 0

DAY = 13
NUMBER_OF_VEHICLES = 52
1 R 0 -13 72 0
2 R 0 -10 1 0
3 R 0 -197 205 0
4 R 0 -279 226 0
5 R 0 -309 253 0
6 R 0 -319 0
7 R 0 -320 259 0
8 R 0 -137 86 0
9 R 0 -525 294 0
10 R 0 -712 310 0
11 R 0 -742 416 0
12 R 0 -770 437 0
13 R 0 -552 112 0
14 R 0 -628 189 0
15 R 0 -683 257 0
16 R 0 -765 318 0
17 R 0 -785 0
18 R 0 -824 438 0
19 R 0 -878 462 0
20 R 0 -880 667 0
21 R 0 -895 722 0
22 R 0 -919 763 0
23 R 0 -967 797 0
24 R 0 -43 381 0
25 R 0 -240 864 0
26 R 0 -417 914 0
27 R 0 -490 0
28 R 0 -261 430 0
29 R 0 -297 440 0
30 R 0 -442 477 0
31 R 0 -474 526 0
32 R 0 -494 539 0
33 R 0 -872 989 0
34 R 0 -893 0
35 R 0 -699 0
36 R 0 -953 0
37 R 0 -772 544 0
38 R 0 -774 623 0
39 R 0 -810 646 0
40 R 0 -985 670 0
41 R 0 -97 802 0
42 R 0 -152 882 0
43 R 0 -452 887 0
44 R 0 -465 891 0
45 R 0 -553 0
46 R 0 -395 0
47 R 0 -687 0
48 R 0 -405 0
49 R 0 -500 0
50 R 0 -550 0
51 R 0 -736 0
52 R 0 -875 0

DAY = 14
NUMBER_OF_VEHICLES = 58
1 R 0 -55 3 0
2 R 0 -160 23 0
3 R 0 -174 53 0
4 R 0 -47 0
5 R 0 -84 4 0
6 R 0 -191 27 0
7 R 0 -653 62 0
8 R 0 -212 33 0
9 R 0 -676 85 0
10 R 0 -265 63 0
11 R 0 -840 0
12 R 0 -322 170 0
13 R 0 -421 213 0
14 R 0 -609 323 0
15 R 0 -884 0
16 R 0 -658 327 0
17 R 0 -691 344 0
18 R 0 -846 384 0
19 R 0 -975 0
20 R 0 -125 114 0
21 R 0 -217 406 0
22 R 0 -492 407 0
23 R 0 -519 426 0
24 R 0 -228 162 0
25 R 0 -366 222 0
26 R 0 -385 0
27 R 0 -585 455 0
28 R 0 -671 470 0
29 R 0 -724 542 0
30 R 0 -415 289 0
31 R 0 -435 398 0
32 R 0 -453 538 0
33 R 0 -655 541 0
34 R 0 -836 603 0
35 R 0 -838 697 0
36 R 0 -894 0
37 R 0 -922 573 0
38 R 0 -927 0
39 R 0 -954 740 0
40 R 0 -205 868 0
41 R 0 -294 885 0
42 R 0 -416 996 0
43 R 0 -437 0
44 R 0 -112 662 0
45 R 0 -438 0
46 R 0 -477 0
47 R 0 -526 674 0
48 R 0 -989 0
49 R 0 -891 681 0
50 R 0 682 0
51 R 0 689 0
52 R 0 714 0
53 R 0 719 0
54 R 0 776 0
55 R 0 844 0
56 R 0 866 0
57 R 0 899 0
58 R 0 958 0

DAY = 15
NUMBER_OF_VEHICLES = 55
1 R 0 -203 42 0
2 R 0 -127 0
3 R 0 -163 19 0
4 R 0 -370 139 0
5 R 0 -475 145 0
6 R 0 -496 175 0
7 R 0 -188 0
8 R 0 -378 142 0
9 R 0 -556 225 0
10 R 0 -568 249 0
11 R 0 -397 161 0
12 R 0 -739 267 0
13 R 0 -433 263 0
14 R 0 -543 274 0
15 R 0 -548 337 0
16 R 0 -672 338 0
17 R 0 -753 368 0
18 R 0 -762 271 0
19 R 0 -766 401 0
20 R 0 -775 308 0
21 R 0 -794 427 0
22 R 0 -917 448 0
23 R 0 -963 311 0
24 R 0 -72 457 0
25 R 0 -1 312 0
26 R 0 -226 588 0
27 R 0 -253 606 0
28 R 0 -86 316 0
29 R 0 -318 339 0
30 R 0 -462 620 0
31 R 0 -381 356 0
32 R 0 -623 360 0
33 R 0 -670 485 0
34 R 0 -802 551 0
35 R 0 -384 0
36 R 0 -162 637 0
37 R 0 -222 690 0
38 R 0 -542 560 0
39 R 0 -289 694 0
40 R 0 -885 752 0
41 R 0 -719 627 0
42 R 0 -776 0
43 R 0 -844 641 0
44 R 0 -866 651 0
45 R 0 708 0
46 R 0 755 0
47 R 0 756 0
48 R 0 768 0
49 R 0 771 0
50 R 0 790 0
51 R 0 886 0
52 R 0 907 0
53 R 0 925 0
54 R 0 976 0
55 R 0 978 0

DAY = 16
NUMBER_OF_VEHICLES = 61
1 R 0 -259 6 0
2 R 0 -310 8 0
3 R 0 -189 34 0
4 R 0 -257 119 0
5 R 0 -667 98 0
6 R 0 -722 0
7 R 0 -763 166 0
8 R 0 -797 199 0
9 R 0 -864 237 0
10 R 0 -914 317 0
11 R 0 -430 146 0
12 R 0 -440 159 0
13 R 0 -539 186 0
14 R 0 -544 198 0
15 R 0 -646 221 0
16 R 0 -882 313 0
17 R 0 -887 375 0
18 R 0 -27 0
19 R 0 -62 329 0
20 R 0 -323 0
21 R 0 -114 392 0
22 R 0 -406 379 0
23 R 0 -426 380 0
24 R 0 -455 393 0
25 R 0 -470 400 0
26 R 0 -398 413 0
27 R 0 -538 431 0
28 R 0 -541 444 0
29 R 0 -603 451 0
30 R 0 -697 495 0
31 R 0 -868 517 0
32 R 0 -674 463 0
33 R 0 -689 472 0
34 R 0 -899 473 0
35 R 0 -958 497 0
36 R 0 -42 501 0
37 R 0 -139 546 0
38 R 0 -175 597 0
39 R 0 -225 630 0
40 R 0 -161 522 0
41 R 0 -267 631 0
42 R 0 -368 602 0
43 R 0 -401 604 0
44 R 0 -427 610 0
45 R 0 -339 734 0
46 R 0 -620 622 0
47 R 0 -485 792 0
48 R 0 -690 720 0
49 R 0 -755 813 0
50 R 0 -756 837 0
51 R 0 731 0
52 R 0 773 0
53 R 0 799 0
54 R 0 820 0
55 R 0 839 0
56 R 0 892 0
57 R 0 910 0
58 R 0 924 0
59 R 0 934 0
60 R 0 942 0
61 R 0 981 0

DAY = 17
NUMBER_OF_VEHICLES = 51
1 R 0 -3 16 0
2 R 0 -23 22 0
3 R 0 -53 58 0
4 R 0 -4 0
5 R 0 -33 11 0
6 R 0 -85 95 0
7 R 0 -63 12 0
8 R 0 -170 15 0
9 R 0 -213 32 0
10 R 0 -327 0
11 R 0 -344 173 0
12 R 0 -407 236 0
13 R 0 -573 303 0
14 R 0 -740 182 0
15 R 0 -996 0
16 R 0 -662 403 0
17 R 0 -681 439 0
18 R 0 -682 0
19 R 0 -714 0
20 R 0 -311 0
21 R 0 -606 195 0
22 R 0 -316 460 0
23 R 0 -356 503 0
24 R 0 -637 224 0
25 R 0 -694 227 0
26 R 0 -752 293 0
27 R 0 -627 511 0
28 R 0 -641 532 0
29 R 0 -651 617 0
30 R 0 -708 704 0
31 R 0 -771 715 0
32 R 0 -886 0
33 R 0 -976 729 0
34 R 0 -6 479 0
35 R 0 -98 608 0
36 R 0 -166 642 0
37 R 0 -329 669 0
38 R 0 -379 0
39 R 0 -517 695 0
40 R 0 -463 733 0
41 R 0 -472 769 0
42 R 0 -546 780 0
43 R 0 -631 834 0
44 R 0 -604 709 0
45 R 0 -720 750 0
46 R 0 -837 870 0
47 R 0 -773 902 0
48 R 0 -820 960 0
49 R 0 -839 889 0
50 R 0 984 0
51 R 0 986 0

DAY = 18
NUMBER_OF_VEHICLES = 62
1 R 0 -19 9 0
2 R 0 -145 44 0
3 R 0 -142 14 0
4 R 0 -249 234 0
5 R 0 -263 54 0
6 R 0 -274 78 0
7 R 0 -337 81 0
8 R 0 -338 101 0
9 R 0 -271 0
10 R 0 -308 0
11 R 0 -448 126 0
12 R 0 -457 248 0
13 R 0 -312 239 0
14 R 0 -588 286 0
15 R 0 -360 290 0
16 R 0 -551 298 0
17 R 0 -560 0
18 R 0 -768 0
19 R 0 -790 355 0
20 R 0 -907 324 0
21 R 0 -925 358 0
22 R 0 -978 369 0
23 R 0 -34 387 0
24 R 0 -119 402 0
25 R 0 -237 396 0
26 R 0 -146 464 0
27 R 0 -186 482 0
28 R 0 -221 520 0
29 R 0 -313 559 0
30 R 0 -375 567 0
31 R 0 -392 461 0
32 R 0 -380 713 0
33 R 0 -393 757 0
34 R 0 -400 782 0
35 R 0 -431 506 0
36 R 0 -451 575 0
37 R 0 -497 796 0
38 R 0 -501 873 0
39 R 0 -597 900 0
40 R 0 -630 0
41 R 0 -610 583 0
42 R 0 -734 906 0
43 R 0 -622 598 0
44 R 0 -792 938 0
45 R 0 -731 611 0
46 R 0 -799 634 0
47 R 0 -892 994 0
48 R 0 -934 0
49 R 0 -981 0
50 R 0 -224 716 0
51 R 0 -227 795 0
52 R 0 -511 0
53 R 0 -617 0
54 R 0 -704 0
55 R 0 -479 805 0
56 R 0 -780 0
57 R 0 -709 829 0
58 R 0 920 0
59 R 0 943 0
60 R 0 946 0
61 R 0 951 0
62 R 0 980 0

DAY = 19
NUMBER_OF_VEHICLES = 59
1 R 0 -8 109 0
2 R 0 -199 128 0
3 R 0 -317 129 0
4 R 0 -159 45 0
5 R 0 -198 0
6 R 0 -413 177 0
7 R 0 -444 180 0
8 R 0 -495 210 0
9 R 0 -473 0
10 R 0 -522 218 0
11 R 0 -602 219 0
12 R 0 -813 0
13 R 0 -910 0
14 R 0 -924 190 0
15 R 0 -942 266 0
16 R 0 -16 244 0
17 R 0 -22 0
18 R 0 -58 331 0
19 R 0 -182 388 0
20 R 0 -439 270 0
21 R 0 -195 434 0
22 R 0 -460 0
23 R 0 -503 304 0
24 R 0 -608 445 0
25 R 0 -642 467 0
26 R 0 -695 468 0
27 R 0 -733 362 0
28 R 0 -769 365 0
29 R 0 -902 515 0
30 R 0 -889 371 0
31 R 0 -986 389 0
32 R 0 -234 414 0
33 R 0 -81 562 0
34 R 0 -101 586 0
35 R 0 -248 594 0
36 R 0 -290 419 0
37 R 0 -358 640 0
38 R 0 -559 423 0
39 R 0 -567 443 0
40 R 0 -506 665 0
41 R 0 -796 471 0
42 R 0 -873 483 0
43 R 0 -900 524 0
44 R 0 -938 572 0
45 R 0 -611 723 0
46 R 0 -994 589 0
47 R 0 -829 973 0
48 R 0 -943 0
49 R 0 595 0
50 R 0 613 0
51 R 0 616 0
52 R 0 625 0
53 R 0 728 0
54 R 0 798 0
55 R 0 807 0
56 R 0 819 0
57 R 0 823 0
58 R 0 955 0
59 R 0 974 0

DAY = 20
NUMBER_OF_VEHICLES = 63
1 R 0 -11 21 0
2 R 0 -95 0
3 R 0 -12 25 0
4 R 0 -15 0
5 R 0 -32 0
6 R 0 -173 0
7 R 0 -236 0
8 R 0 -303 52 0
9 R 0 -403 88 0
10 R 0 -293 40 0
11 R 0 -532 124 0
12 R 0 -715 0
13 R 0 -729 0
14 R 0 -669 120 0
15 R 0 -834 140 0
16 R 0 -750 121 0
17 R 0 -870 247 0
18 R 0 -960 167 0
19 R 0 -984 284 0
20 R 0 -78 258 0
21 R 0 -239 326 0
22 R 0 -286 264 0
23 R 0 -355 301 0
24 R 0 -387 499 0
25 R 0 -402 569 0
26 R 0 -464 570 0
27 R 0 -482 688 0
28 R 0 -461 340 0
29 R 0 -575 510 0
30 R 0 -583 660 0
31 R 0 -906 0
32 R 0 -951 673 0
33 R 0 -980 685 0
34 R 0 -128 0
35 R 0 -180 0
36 R 0 -218 710 0
37 R 0 -190 0
38 R 0 -266 707 0
39 R 0 -244 730 0
40 R 0 -331 0
41 R 0 -304 0
42 R 0 -365 783 0
43 R 0 -515 737 0
44 R 0 -371 787 0
45 R 0 -414 803 0
46 R 0 -586 744 0
47 R 0 -594 804 0
48 R 0 -443 821 0
49 R 0 -665 828 0
50 R 0 -471 859 0
51 R 0 -524 966 0
52 R 0 -572 0
53 R 0 -595 0
54 R 0 -625 0
55 R 0 -798 0
56 R 0 858 0
57 R 0 908 0
58 R 0 937 0
59 R 0 944 0
60 R 0 983 0
61 R 0 992 0
62 R 0 999 0
63 R 0 1000 0

DAY = 21
NUMBER_OF_VEHICLES = 51
1 R 0 -9 65 0
2 R 0 -44 24 0
3 R 0 -14 74 0
4 R 0 -54 83 0
5 R 0 -126 181 0
6 R 0 -298 211 0
7 R 0 -324 232 0
8 R 0 -369 342 0
9 R 0 -396 374 0
10 R 0 -520 251 0
11 R 0 -713 275 0
12 R 0 -757 282 0
13 R 0 -782 484 0
14 R 0 -598 404 0
15 R 0 -634 529 0
16 R 0 -716 591 0
17 R 0 -795 791 0
18 R 0 -805 856 0
19 R 0 -920 915 0
20 R 0 -946 990 0
21 R 0 -45 680 0
22 R 0 -219 0
23 R 0 -467 0
24 R 0 -389 0
25 R 0 -562 0
26 R 0 -483 0
27 R 0 -616 0
28 R 0 -728 0
29 R 0 -807 0
30 R 0 -955 0
31 R 0 -25 0
32 R 0 -52 0
33 R 0 -124 0
34 R 0 -167 0
35 R 0 -258 0
36 R 0 -569 0
37 R 0 -688 0
38 R 0 -660 0
39 R 0 -685 0
40 R 0 -710 0
41 R 0 -730 0
42 R 0 -737 0
43 R 0 -803 0
44 R 0 -804 0
45 R 0 -859 0
46 R 0 -937 0
47 R 0 -944 0
48 R 0 701 0
49 R 0 702 0
50 R 0 822 0
51 R 0 855 0

DAY = 22
NUMBER_OF_VEHICLES = 51
1 R 0 -109 156 0
2 R 0 -129 172 0
3 R 0 -177 321 0
4 R 0 -210 564 0
5 R 0 -388 684 0
6 R 0 -270 115 0
7 R 0 -434 897 0
8 R 0 -445 0
9 R 0 -468 0
10 R 0 -362 179 0
11 R 0 -419 521 0
12 R 0 -640 0
13 R 0 -423 700 0
14 R 0 -723 0
15 R 0 -589 831 0
16 R 0 -973 0
17 R 0 -613 964 0
18 R 0 -819 979 0
19 R 0 -823 0
20 R 0 -974 0
21 R 0 -21 0
22 R 0 -88 0
23 R 0 -120 0
24 R 0 -140 0
25 R 0 -247 0
26 R 0 -284 0
27 R 0 -264 0
28 R 0 -301 0
29 R 0 -570 0
30 R 0 -340 0
31 R 0 -510 0
32 R 0 -783 0
33 R 0 -828 0
34 R 0 -966 0
35 R 0 -858 0
36 R 0 -908 0
37 R 0 -992 0
38 R 0 -1000 0
39 R 0 -65 0
40 R 0 -24 0
41 R 0 -83 0
42 R 0 -181 0
43 R 0 -211 0
44 R 0 -484 0
45 R 0 -404 0
46 R 0 -529 0
47 R 0 -791 0
48 R 0 -990 0
49 R 0 -701 0
50 R 0 -822 0
51 R 0 -855 0

DAY = 23
NUMBER_OF_VEHICLES = 30
1 R 0 -40 0
2 R 0 -121 0
3 R 0 -326 51 0
4 R 0 -499 158 0
5 R 0 -673 0
6 R 0 -707 185 0
7 R 0 -787 268 0
8 R 0 -744 0
9 R 0 -821 516 0
10 R 0 -983 0
11 R 0 -999 0
12 R 0 -74 0
13 R 0 -232 534 0
14 R 0 -342 0
15 R 0 -251 0
16 R 0 -275 817 0
17 R 0 -282 0
18 R 0 -856 0
19 R 0 -915 0
20 R 0 -680 0
21 R 0 -702 0
22 R 0 -156 0
23 R 0 -172 0
24 R 0 -321 0
25 R 0 -684 0
26 R 0 -897 0
27 R 0 -179 0
28 R 0 -521 0
29 R 0 -831 0
30 R 0 -979 0

DAY = 24
NUMBER_OF_VEHICLES = 13
1 R 0 -374 0
2 R 0 -591 0
3 R 0 -564 0
4 R 0 -115 0
5 R 0 -700 0
6 R 0 -964 0
7 R 0 -51 0
8 R 0 -158 0
9 R 0 -185 0
10 R 0 -268 0
11 R 0 -516 0
12 R 0 -534 0
13 R 0 -817 0

