DATASET = All time best instance set VeRoLog competition
NAME = tools over distance over vehicle days over vehicles with 500 requests over 15 days

DAY = 1
NUMBER_OF_VEHICLES = 42
1 R 0 34 0
2 R 0 35 0
3 R 0 37 0
4 R 0 45 0
5 R 0 47 0
6 R 0 78 0
7 R 0 85 0
8 R 0 109 0
9 R 0 119 0
10 R 0 138 0
11 R 0 160 0
12 R 0 168 0
13 R 0 177 0
14 R 0 184 0
15 R 0 187 0
16 R 0 204 0
17 R 0 206 0
18 R 0 214 0
19 R 0 229 0
20 R 0 267 0
21 R 0 287 0
22 R 0 298 0
23 R 0 307 0
24 R 0 320 0
25 R 0 326 0
26 R 0 329 0
27 R 0 347 0
28 R 0 348 0
29 R 0 371 0
30 R 0 380 0
31 R 0 389 0
32 R 0 410 0
33 R 0 413 0
34 R 0 420 0
35 R 0 421 0
36 R 0 423 0
37 R 0 432 0
38 R 0 435 0
39 R 0 462 0
40 R 0 464 0
41 R 0 487 0
42 R 0 496 0

DAY = 2
NUMBER_OF_VEHICLES = 47
1 R 0 -119 5 0
2 R 0 -204 31 0
3 R 0 -229 38 0
4 R 0 -287 3 0
5 R 0 -329 19 0
6 R 0 -371 0
7 R 0 -380 17 0
8 R 0 -389 88 0
9 R 0 -421 0
10 R 0 -462 22 0
11 R 0 -487 46 0
12 R 0 -496 0
13 R 0 71 0
14 R 0 105 0
15 R 0 112 0
16 R 0 114 0
17 R 0 132 0
18 R 0 143 0
19 R 0 149 0
20 R 0 152 0
21 R 0 189 0
22 R 0 233 0
23 R 0 236 0
24 R 0 238 0
25 R 0 244 0
26 R 0 256 0
27 R 0 259 0
28 R 0 277 0
29 R 0 282 0
30 R 0 318 0
31 R 0 323 0
32 R 0 334 0
33 R 0 335 0
34 R 0 342 0
35 R 0 357 0
36 R 0 358 0
37 R 0 381 0
38 R 0 402 0
39 R 0 415 0
40 R 0 422 0
41 R 0 425 0
42 R 0 429 0
43 R 0 437 0
44 R 0 453 0
45 R 0 461 0
46 R 0 472 0
47 R 0 484 0

DAY = 3
NUMBER_OF_VEHICLES = 49
1 R 0 -34 49 0
2 R 0 -35 41 0
3 R 0 -78 51 0
4 R 0 -160 96 0
5 R 0 -177 0
6 R 0 -206 1 0
7 R 0 -326 115 0
8 R 0 -348 130 0
9 R 0 -5 33 0
10 R 0 -38 0
11 R 0 -88 54 0
12 R 0 -22 209 0
13 R 0 -46 81 0
14 R 0 -114 56 0
15 R 0 -132 72 0
16 R 0 -259 219 0
17 R 0 -334 272 0
18 R 0 -358 284 0
19 R 0 -422 123 0
20 R 0 202 0
21 R 0 224 0
22 R 0 300 0
23 R 0 306 0
24 R 0 308 0
25 R 0 352 0
26 R 0 361 0
27 R 0 367 0
28 R 0 372 0
29 R 0 375 0
30 R 0 377 0
31 R 0 378 0
32 R 0 386 0
33 R 0 387 0
34 R 0 417 0
35 R 0 434 0
36 R 0 436 0
37 R 0 439 0
38 R 0 444 0
39 R 0 458 0
40 R 0 460 0
41 R 0 468 0
42 R 0 475 0
43 R 0 480 0
44 R 0 482 0
45 R 0 488 0
46 R 0 493 0
47 R 0 494 0
48 R 0 498 0
49 R 0 500 0

DAY = 4
NUMBER_OF_VEHICLES = 59
1 R 0 -37 24 0
2 R 0 -45 40 0
3 R 0 -47 58 0
4 R 0 -85 98 0
5 R 0 -109 108 0
6 R 0 -138 76 0
7 R 0 -168 127 0
8 R 0 -184 66 0
9 R 0 -187 174 0
10 R 0 -214 180 0
11 R 0 -267 181 0
12 R 0 -298 183 0
13 R 0 -307 163 0
14 R 0 -320 164 0
15 R 0 -347 185 0
16 R 0 -410 258 0
17 R 0 -413 75 0
18 R 0 -420 278 0
19 R 0 -423 210 0
20 R 0 -432 101 0
21 R 0 -435 309 0
22 R 0 -464 395 0
23 R 0 -31 136 0
24 R 0 -3 0
25 R 0 -105 137 0
26 R 0 -112 401 0
27 R 0 -143 283 0
28 R 0 -152 416 0
29 R 0 -233 148 0
30 R 0 -236 0
31 R 0 -238 296 0
32 R 0 -323 491 0
33 R 0 -357 317 0
34 R 0 -425 0
35 R 0 -429 179 0
36 R 0 -453 193 0
37 R 0 -461 321 0
38 R 0 -41 211 0
39 R 0 -54 393 0
40 R 0 -219 0
41 R 0 -123 405 0
42 R 0 -224 445 0
43 R 0 -300 0
44 R 0 -306 0
45 R 0 -361 485 0
46 R 0 -372 0
47 R 0 -377 235 0
48 R 0 -458 0
49 R 0 -475 0
50 R 0 -488 0
51 R 0 -498 253 0
52 R 0 273 0
53 R 0 276 0
54 R 0 292 0
55 R 0 297 0
56 R 0 310 0
57 R 0 340 0
58 R 0 404 0
59 R 0 431 0

DAY = 5
NUMBER_OF_VEHICLES = 51
1 R 0 -19 6 0
2 R 0 -17 10 0
3 R 0 -71 11 0
4 R 0 -149 7 0
5 R 0 -189 23 0
6 R 0 -244 42 0
7 R 0 -256 8 0
8 R 0 -277 147 0
9 R 0 -282 155 0
10 R 0 -318 29 0
11 R 0 -335 91 0
12 R 0 -342 100 0
13 R 0 -381 0
14 R 0 -402 154 0
15 R 0 -415 21 0
16 R 0 -437 26 0
17 R 0 -472 48 0
18 R 0 -484 227 0
19 R 0 -51 172 0
20 R 0 -96 226 0
21 R 0 -115 231 0
22 R 0 -130 266 0
23 R 0 -33 243 0
24 R 0 -209 270 0
25 R 0 -272 314 0
26 R 0 -284 79 0
27 R 0 -202 260 0
28 R 0 -308 86 0
29 R 0 -378 99 0
30 R 0 -387 331 0
31 R 0 -417 0
32 R 0 -436 196 0
33 R 0 -468 369 0
34 R 0 -482 384 0
35 R 0 -493 383 0
36 R 0 -500 396 0
37 R 0 -58 400 0
38 R 0 -181 438 0
39 R 0 -75 250 0
40 R 0 -395 448 0
41 R 0 -416 0
42 R 0 -148 0
43 R 0 -321 0
44 R 0 -253 271 0
45 R 0 -273 313 0
46 R 0 -297 370 0
47 R 0 -340 374 0
48 R 0 441 0
49 R 0 470 0
50 R 0 473 0
51 R 0 497 0

DAY = 6
NUMBER_OF_VEHICLES = 61
1 R 0 -49 55 0
2 R 0 -1 0
3 R 0 -81 4 0
4 R 0 -56 111 0
5 R 0 -72 0
6 R 0 -352 70 0
7 R 0 -367 140 0
8 R 0 -375 0
9 R 0 -386 159 0
10 R 0 -434 16 0
11 R 0 -439 116 0
12 R 0 -444 65 0
13 R 0 -460 77 0
14 R 0 -480 0
15 R 0 -494 0
16 R 0 -24 162 0
17 R 0 -40 176 0
18 R 0 -98 237 0
19 R 0 -66 90 0
20 R 0 -174 178 0
21 R 0 -180 293 0
22 R 0 -164 241 0
23 R 0 -258 303 0
24 R 0 -210 249 0
25 R 0 -101 117 0
26 R 0 -309 312 0
27 R 0 -137 0
28 R 0 -401 359 0
29 R 0 -283 281 0
30 R 0 -296 315 0
31 R 0 -179 142 0
32 R 0 -211 144 0
33 R 0 -405 338 0
34 R 0 -445 345 0
35 R 0 -485 356 0
36 R 0 -235 156 0
37 R 0 -431 232 0
38 R 0 -11 364 0
39 R 0 -23 373 0
40 R 0 -8 261 0
41 R 0 -147 403 0
42 R 0 -155 0
43 R 0 -100 376 0
44 R 0 -21 280 0
45 R 0 -266 408 0
46 R 0 -243 412 0
47 R 0 -314 467 0
48 R 0 -400 0
49 R 0 -313 0
50 R 0 -497 0
51 R 0 301 0
52 R 0 333 0
53 R 0 388 0
54 R 0 392 0
55 R 0 427 0
56 R 0 451 0
57 R 0 466 0
58 R 0 471 0
59 R 0 478 0
60 R 0 481 0
61 R 0 490 0

DAY = 7
NUMBER_OF_VEHICLES = 52
1 R 0 -108 12 0
2 R 0 -76 102 0
3 R 0 -127 113 0
4 R 0 -183 161 0
5 R 0 -163 13 0
6 R 0 -185 200 0
7 R 0 -278 212 0
8 R 0 -136 60 0
9 R 0 -491 246 0
10 R 0 -317 27 0
11 R 0 -193 63 0
12 R 0 -393 30 0
13 R 0 -276 74 0
14 R 0 -292 82 0
15 R 0 -310 89 0
16 R 0 -404 153 0
17 R 0 -42 52 0
18 R 0 -29 305 0
19 R 0 -91 346 0
20 R 0 -227 118 0
21 R 0 -172 385 0
22 R 0 -226 407 0
23 R 0 -231 449 0
24 R 0 -331 126 0
25 R 0 -369 151 0
26 R 0 -396 477 0
27 R 0 -438 0
28 R 0 -250 220 0
29 R 0 -448 0
30 R 0 -470 228 0
31 R 0 -162 165 0
32 R 0 -241 192 0
33 R 0 -359 0
34 R 0 -281 208 0
35 R 0 -232 252 0
36 R 0 -364 0
37 R 0 -392 254 0
38 R 0 -451 217 0
39 R 0 -466 264 0
40 R 0 -490 289 0
41 R 0 263 0
42 R 0 290 0
43 R 0 302 0
44 R 0 311 0
45 R 0 332 0
46 R 0 354 0
47 R 0 397 0
48 R 0 411 0
49 R 0 414 0
50 R 0 443 0
51 R 0 476 0
52 R 0 495 0

DAY = 8
NUMBER_OF_VEHICLES = 60
1 R 0 -6 64 0
2 R 0 -10 43 0
3 R 0 -7 32 0
4 R 0 -154 57 0
5 R 0 -26 68 0
6 R 0 -48 141 0
7 R 0 -270 59 0
8 R 0 -79 166 0
9 R 0 -260 134 0
10 R 0 -86 194 0
11 R 0 -99 198 0
12 R 0 -196 239 0
13 R 0 -384 80 0
14 R 0 -383 182 0
15 R 0 -271 286 0
16 R 0 -370 368 0
17 R 0 -374 424 0
18 R 0 -441 188 0
19 R 0 -473 197 0
20 R 0 -4 426 0
21 R 0 -111 205 0
22 R 0 -159 84 0
23 R 0 -16 447 0
24 R 0 -65 474 0
25 R 0 -237 215 0
26 R 0 -249 248 0
27 R 0 -312 94 0
28 R 0 -315 262 0
29 R 0 -142 0
30 R 0 -338 275 0
31 R 0 -356 316 0
32 R 0 -156 0
33 R 0 -376 110 0
34 R 0 -280 0
35 R 0 -412 0
36 R 0 -333 0
37 R 0 -471 330 0
38 R 0 -481 362 0
39 R 0 -102 122 0
40 R 0 -113 146 0
41 R 0 -161 173 0
42 R 0 -13 398 0
43 R 0 -212 251 0
44 R 0 -246 324 0
45 R 0 -27 433 0
46 R 0 -30 440 0
47 R 0 -82 0
48 R 0 -118 450 0
49 R 0 -385 0
50 R 0 -407 350 0
51 R 0 -151 0
52 R 0 -477 365 0
53 R 0 -220 0
54 R 0 -228 0
55 R 0 -264 0
56 R 0 -302 0
57 R 0 -411 0
58 R 0 409 0
59 R 0 428 0
60 R 0 486 0

DAY = 9
NUMBER_OF_VEHICLES = 55
1 R 0 -55 15 0
2 R 0 -70 120 0
3 R 0 -140 157 0
4 R 0 -116 0
5 R 0 -77 20 0
6 R 0 -176 73 0
7 R 0 -90 36 0
8 R 0 -178 0
9 R 0 -293 167 0
10 R 0 -303 0
11 R 0 -117 53 0
12 R 0 -144 125 0
13 R 0 -345 107 0
14 R 0 -373 133 0
15 R 0 -261 131 0
16 R 0 -403 158 0
17 R 0 -408 221 0
18 R 0 -467 240 0
19 R 0 -301 135 0
20 R 0 -388 175 0
21 R 0 -427 170 0
22 R 0 -478 0
23 R 0 -200 291 0
24 R 0 -74 0
25 R 0 -89 268 0
26 R 0 -305 336 0
27 R 0 -346 0
28 R 0 -449 391 0
29 R 0 -208 171 0
30 R 0 -252 446 0
31 R 0 -217 0
32 R 0 -289 456 0
33 R 0 -311 0
34 R 0 -354 457 0
35 R 0 -443 191 0
36 R 0 -43 452 0
37 R 0 -32 492 0
38 R 0 -59 469 0
39 R 0 -194 0
40 R 0 -182 222 0
41 R 0 -188 247 0
42 R 0 -426 0
43 R 0 -474 0
44 R 0 -248 265 0
45 R 0 -275 288 0
46 R 0 -122 489 0
47 R 0 -251 0
48 R 0 -440 304 0
49 R 0 322 0
50 R 0 344 0
51 R 0 360 0
52 R 0 418 0
53 R 0 454 0
54 R 0 463 0
55 R 0 499 0

DAY = 10
NUMBER_OF_VEHICLES = 48
1 R 0 -12 61 0
2 R 0 -60 9 0
3 R 0 -63 25 0
4 R 0 -153 139 0
5 R 0 -52 62 0
6 R 0 -126 67 0
7 R 0 -165 93 0
8 R 0 -192 129 0
9 R 0 -254 145 0
10 R 0 -263 207 0
11 R 0 -290 150 0
12 R 0 -332 199 0
13 R 0 -397 285 0
14 R 0 -414 279 0
15 R 0 -476 294 0
16 R 0 -495 299 0
17 R 0 -57 2 0
18 R 0 -68 327 0
19 R 0 -166 355 0
20 R 0 -198 419 0
21 R 0 -286 455 0
22 R 0 -197 341 0
23 R 0 -205 349 0
24 R 0 -84 14 0
25 R 0 -447 0
26 R 0 -330 353 0
27 R 0 -146 44 0
28 R 0 -450 363 0
29 R 0 -350 83 0
30 R 0 -486 95 0
31 R 0 -120 128 0
32 R 0 -36 0
33 R 0 -131 0
34 R 0 -158 379 0
35 R 0 -221 186 0
36 R 0 -135 0
37 R 0 -170 0
38 R 0 -446 0
39 R 0 -247 0
40 R 0 -489 269 0
41 R 0 -322 0
42 R 0 -463 0
43 R 0 -499 0
44 R 0 325 0
45 R 0 328 0
46 R 0 382 0
47 R 0 406 0
48 R 0 459 0

DAY = 11
NUMBER_OF_VEHICLES = 45
1 R 0 -64 103 0
2 R 0 -141 39 0
3 R 0 -134 190 0
4 R 0 -239 69 0
5 R 0 -80 18 0
6 R 0 -368 97 0
7 R 0 -424 106 0
8 R 0 -215 201 0
9 R 0 -94 87 0
10 R 0 -262 213 0
11 R 0 -316 245 0
12 R 0 -110 121 0
13 R 0 -362 274 0
14 R 0 -173 124 0
15 R 0 -398 337 0
16 R 0 -324 223 0
17 R 0 -433 351 0
18 R 0 -365 225 0
19 R 0 -409 255 0
20 R 0 -428 343 0
21 R 0 -15 483 0
22 R 0 -53 169 0
23 R 0 -107 366 0
24 R 0 -175 242 0
25 R 0 -291 0
26 R 0 -336 0
27 R 0 -391 0
28 R 0 -457 257 0
29 R 0 -191 394 0
30 R 0 -452 0
31 R 0 -492 339 0
32 R 0 -265 399 0
33 R 0 -344 442 0
34 R 0 -360 479 0
35 R 0 -418 0
36 R 0 -93 0
37 R 0 -129 0
38 R 0 -327 390 0
39 R 0 -341 0
40 R 0 -349 0
41 R 0 -186 0
42 R 0 -328 0
43 R 0 -382 0
44 R 0 -406 0
45 R 0 430 0

DAY = 12
NUMBER_OF_VEHICLES = 47
1 R 0 -157 28 0
2 R 0 -20 50 0
3 R 0 -73 218 0
4 R 0 -167 104 0
5 R 0 -125 92 0
6 R 0 -133 230 0
7 R 0 -240 203 0
8 R 0 -268 195 0
9 R 0 -171 0
10 R 0 -456 0
11 R 0 -469 216 0
12 R 0 -222 0
13 R 0 -288 0
14 R 0 -304 0
15 R 0 -454 0
16 R 0 -25 0
17 R 0 -139 0
18 R 0 -150 0
19 R 0 -199 0
20 R 0 -279 0
21 R 0 -2 295 0
22 R 0 -355 0
23 R 0 -419 0
24 R 0 -14 319 0
25 R 0 -44 0
26 R 0 -83 0
27 R 0 -379 0
28 R 0 -325 0
29 R 0 -459 0
30 R 0 -103 0
31 R 0 -190 0
32 R 0 -97 0
33 R 0 -106 0
34 R 0 -201 0
35 R 0 -213 0
36 R 0 -121 0
37 R 0 -223 0
38 R 0 -351 0
39 R 0 -225 0
40 R 0 -255 0
41 R 0 -169 0
42 R 0 -242 0
43 R 0 -257 0
44 R 0 -339 0
45 R 0 -479 0
46 R 0 -390 0
47 R 0 -430 0

DAY = 13
NUMBER_OF_VEHICLES = 31
1 R 0 -61 465 0
2 R 0 -9 0
3 R 0 -62 0
4 R 0 -67 0
5 R 0 -145 0
6 R 0 -207 0
7 R 0 -285 0
8 R 0 -294 0
9 R 0 -299 0
10 R 0 -455 0
11 R 0 -353 0
12 R 0 -363 0
13 R 0 -95 234 0
14 R 0 -128 0
15 R 0 -269 0
16 R 0 -39 0
17 R 0 -69 0
18 R 0 -87 0
19 R 0 -245 0
20 R 0 -274 0
21 R 0 -124 0
22 R 0 -337 0
23 R 0 -483 0
24 R 0 -366 0
25 R 0 -394 0
26 R 0 -442 0
27 R 0 -50 0
28 R 0 -218 0
29 R 0 -230 0
30 R 0 -203 0
31 R 0 -195 0

DAY = 14
NUMBER_OF_VEHICLES = 11
1 R 0 -18 0
2 R 0 -343 0
3 R 0 -399 0
4 R 0 -28 0
5 R 0 -104 0
6 R 0 -92 0
7 R 0 -216 0
8 R 0 -295 0
9 R 0 -319 0
10 R 0 -465 0
11 R 0 -234 0

