DATASET = All time best instance set VeRoLog competition
NAME = tools over vehicles over vehicle days over distance with 1000 requests over 30 days

DAY = 1
NUMBER_OF_VEHICLES = 41
1 R 0 9 0
2 R 0 14 0
3 R 0 20 0
4 R 0 21 0
5 R 0 45 0
6 R 0 58 0
7 R 0 76 0
8 R 0 129 0
9 R 0 132 0
10 R 0 152 0
11 R 0 157 0
12 R 0 187 0
13 R 0 189 0
14 R 0 197 0
15 R 0 239 0
16 R 0 281 0
17 R 0 309 0
18 R 0 317 0
19 R 0 327 0
20 R 0 342 0
21 R 0 413 0
22 R 0 422 0
23 R 0 433 0
24 R 0 449 0
25 R 0 455 0
26 R 0 465 0
27 R 0 467 0
28 R 0 497 0
29 R 0 499 0
30 R 0 527 0
31 R 0 529 0
32 R 0 554 0
33 R 0 583 0
34 R 0 590 0
35 R 0 629 0
36 R 0 643 0
37 R 0 666 0
38 R 0 792 0
39 R 0 812 0
40 R 0 865 0
41 R 0 952 0

DAY = 2
NUMBER_OF_VEHICLES = 23
1 R 0 -58 71 0
2 R 0 -189 166 0
3 R 0 -239 173 0
4 R 0 -413 328 0
5 R 0 -422 56 0
6 R 0 -433 210 0
7 R 0 -449 375 0
8 R 0 -467 402 0
9 R 0 -497 856 0
10 R 0 -499 259 0
11 R 0 -554 798 0
12 R 0 -792 478 0
13 R 0 -812 0
14 R 0 -952 0
15 R 0 277 0
16 R 0 326 0
17 R 0 354 0
18 R 0 371 0
19 R 0 435 0
20 R 0 485 0
21 R 0 572 0
22 R 0 766 0
23 R 0 853 0

DAY = 3
NUMBER_OF_VEHICLES = 51
1 R 0 -9 140 0
2 R 0 -14 23 0
3 R 0 -20 26 0
4 R 0 -45 266 0
5 R 0 -129 31 0
6 R 0 -157 213 0
7 R 0 -187 324 0
8 R 0 -197 5 0
9 R 0 -281 84 0
10 R 0 -309 382 0
11 R 0 -327 430 0
12 R 0 -342 400 0
13 R 0 -465 427 0
14 R 0 -527 36 0
15 R 0 -629 589 0
16 R 0 -666 121 0
17 R 0 -865 139 0
18 R 0 -166 762 0
19 R 0 -210 227 0
20 R 0 -375 790 0
21 R 0 -277 434 0
22 R 0 -326 155 0
23 R 0 -572 0
24 R 0 267 0
25 R 0 364 0
26 R 0 419 0
27 R 0 448 0
28 R 0 477 0
29 R 0 528 0
30 R 0 551 0
31 R 0 593 0
32 R 0 602 0
33 R 0 662 0
34 R 0 680 0
35 R 0 712 0
36 R 0 768 0
37 R 0 791 0
38 R 0 811 0
39 R 0 818 0
40 R 0 840 0
41 R 0 894 0
42 R 0 899 0
43 R 0 930 0
44 R 0 933 0
45 R 0 944 0
46 R 0 951 0
47 R 0 953 0
48 R 0 956 0
49 R 0 966 0
50 R 0 969 0
51 R 0 988 0

DAY = 4
NUMBER_OF_VEHICLES = 52
1 R 0 -21 24 0
2 R 0 -76 25 0
3 R 0 -132 34 0
4 R 0 -152 13 0
5 R 0 -317 171 0
6 R 0 -455 57 0
7 R 0 -529 250 0
8 R 0 -583 308 0
9 R 0 -590 158 0
10 R 0 -643 107 0
11 R 0 -173 370 0
12 R 0 -56 0
13 R 0 -402 486 0
14 R 0 -856 209 0
15 R 0 -259 624 0
16 R 0 -798 631 0
17 R 0 -478 754 0
18 R 0 -485 780 0
19 R 0 -213 0
20 R 0 -84 437 0
21 R 0 -400 0
22 R 0 -427 0
23 R 0 -589 0
24 R 0 -121 0
25 R 0 -139 814 0
26 R 0 -790 0
27 R 0 -434 191 0
28 R 0 -267 708 0
29 R 0 -419 0
30 R 0 -448 0
31 R 0 -477 0
32 R 0 -551 293 0
33 R 0 -818 0
34 R 0 -899 0
35 R 0 -951 332 0
36 R 0 -969 0
37 R 0 200 0
38 R 0 211 0
39 R 0 284 0
40 R 0 314 0
41 R 0 408 0
42 R 0 411 0
43 R 0 456 0
44 R 0 466 0
45 R 0 512 0
46 R 0 553 0
47 R 0 633 0
48 R 0 730 0
49 R 0 859 0
50 R 0 878 0
51 R 0 921 0
52 R 0 983 0

DAY = 5
NUMBER_OF_VEHICLES = 41
1 R 0 -71 0
2 R 0 -328 81 0
3 R 0 -354 49 0
4 R 0 -371 120 0
5 R 0 -435 0
6 R 0 -766 205 0
7 R 0 -853 29 0
8 R 0 -382 119 0
9 R 0 -430 18 0
10 R 0 -227 33 0
11 R 0 -155 646 0
12 R 0 -528 114 0
13 R 0 -593 0
14 R 0 -602 135 0
15 R 0 -712 701 0
16 R 0 -811 290 0
17 R 0 -894 99 0
18 R 0 -930 241 0
19 R 0 -944 714 0
20 R 0 -956 263 0
21 R 0 -25 164 0
22 R 0 -34 879 0
23 R 0 -308 170 0
24 R 0 -370 577 0
25 R 0 -624 298 0
26 R 0 -437 0
27 R 0 -293 179 0
28 R 0 -411 331 0
29 R 0 -456 423 0
30 R 0 -633 447 0
31 R 0 -730 563 0
32 R 0 -983 866 0
33 R 0 390 0
34 R 0 555 0
35 R 0 627 0
36 R 0 852 0
37 R 0 884 0
38 R 0 900 0
39 R 0 905 0
40 R 0 940 0
41 R 0 994 0

DAY = 6
NUMBER_OF_VEHICLES = 55
1 R 0 -140 150 0
2 R 0 -23 3 0
3 R 0 -26 67 0
4 R 0 -266 245 0
5 R 0 -31 101 0
6 R 0 -324 113 0
7 R 0 -5 133 0
8 R 0 -36 373 0
9 R 0 -762 176 0
10 R 0 -364 185 0
11 R 0 -662 416 0
12 R 0 -680 474 0
13 R 0 -768 521 0
14 R 0 -791 796 0
15 R 0 -840 598 0
16 R 0 -933 530 0
17 R 0 -953 0
18 R 0 -966 566 0
19 R 0 -988 597 0
20 R 0 -13 726 0
21 R 0 -107 690 0
22 R 0 -209 611 0
23 R 0 -754 759 0
24 R 0 -814 788 0
25 R 0 -211 937 0
26 R 0 -408 972 0
27 R 0 -466 628 0
28 R 0 -553 985 0
29 R 0 -205 704 0
30 R 0 -18 0
31 R 0 -646 889 0
32 R 0 -114 0
33 R 0 -241 793 0
34 R 0 -714 896 0
35 R 0 -164 198 0
36 R 0 -879 0
37 R 0 -423 0
38 R 0 -852 0
39 R 0 -905 0
40 R 0 -940 207 0
41 R 0 484 0
42 R 0 547 0
43 R 0 634 0
44 R 0 636 0
45 R 0 681 0
46 R 0 706 0
47 R 0 727 0
48 R 0 732 0
49 R 0 734 0
50 R 0 810 0
51 R 0 898 0
52 R 0 910 0
53 R 0 928 0
54 R 0 943 0
55 R 0 961 0

DAY = 7
NUMBER_OF_VEHICLES = 49
1 R 0 -24 53 0
2 R 0 -171 160 0
3 R 0 -57 380 0
4 R 0 -250 96 0
5 R 0 -158 54 0
6 R 0 -486 87 0
7 R 0 -631 147 0
8 R 0 -780 125 0
9 R 0 -191 168 0
10 R 0 -708 381 0
11 R 0 -332 0
12 R 0 -200 385 0
13 R 0 -284 0
14 R 0 -314 0
15 R 0 -512 0
16 R 0 -859 0
17 R 0 -878 181 0
18 R 0 -921 0
19 R 0 -29 567 0
20 R 0 -119 659 0
21 R 0 -290 0
22 R 0 -263 0
23 R 0 -170 713 0
24 R 0 -298 255 0
25 R 0 -447 519 0
26 R 0 -563 748 0
27 R 0 -555 261 0
28 R 0 -627 0
29 R 0 -884 717 0
30 R 0 -900 916 0
31 R 0 -150 552 0
32 R 0 -3 0
33 R 0 -113 0
34 R 0 -185 395 0
35 R 0 -416 665 0
36 R 0 -521 489 0
37 R 0 -726 675 0
38 R 0 -788 724 0
39 R 0 -985 830 0
40 R 0 -889 575 0
41 R 0 -896 0
42 R 0 -207 0
43 R 0 -484 0
44 R 0 -732 0
45 R 0 -734 0
46 R 0 -928 0
47 R 0 794 0
48 R 0 837 0
49 R 0 945 0

DAY = 8
NUMBER_OF_VEHICLES = 45
1 R 0 -81 73 0
2 R 0 -49 105 0
3 R 0 -120 426 0
4 R 0 -33 0
5 R 0 -135 203 0
6 R 0 -701 450 0
7 R 0 -99 653 0
8 R 0 -577 508 0
9 R 0 -179 893 0
10 R 0 -331 0
11 R 0 -866 0
12 R 0 -390 355 0
13 R 0 -994 365 0
14 R 0 -245 0
15 R 0 -133 934 0
16 R 0 -373 0
17 R 0 -796 515 0
18 R 0 -690 0
19 R 0 -759 440 0
20 R 0 -972 582 0
21 R 0 -628 0
22 R 0 -198 607 0
23 R 0 -681 0
24 R 0 -706 0
25 R 0 -727 826 0
26 R 0 -810 963 0
27 R 0 -943 0
28 R 0 -961 459 0
29 R 0 -380 0
30 R 0 -147 0
31 R 0 -168 867 0
32 R 0 -567 0
33 R 0 -659 0
34 R 0 -519 0
35 R 0 -748 0
36 R 0 -916 0
37 R 0 -395 0
38 R 0 -665 0
39 R 0 -575 0
40 R 0 -837 0
41 R 0 537 0
42 R 0 617 0
43 R 0 684 0
44 R 0 770 0
45 R 0 802 0

DAY = 9
NUMBER_OF_VEHICLES = 45
1 R 0 -67 206 0
2 R 0 -101 35 0
3 R 0 -176 74 0
4 R 0 -474 252 0
5 R 0 -598 93 0
6 R 0 -530 480 0
7 R 0 -566 808 0
8 R 0 -597 870 0
9 R 0 -611 43 0
10 R 0 -937 367 0
11 R 0 -704 247 0
12 R 0 -793 936 0
13 R 0 -547 223 0
14 R 0 -634 0
15 R 0 -636 0
16 R 0 -898 0
17 R 0 -910 68 0
18 R 0 -54 751 0
19 R 0 -87 407 0
20 R 0 -385 874 0
21 R 0 -181 0
22 R 0 -261 0
23 R 0 -717 429 0
24 R 0 -830 0
25 R 0 -794 0
26 R 0 -945 0
27 R 0 -203 0
28 R 0 -653 230 0
29 R 0 -508 507 0
30 R 0 -365 0
31 R 0 -582 0
32 R 0 -607 513 0
33 R 0 -770 0
34 R 0 -802 0
35 R 0 302 0
36 R 0 310 0
37 R 0 445 0
38 R 0 637 0
39 R 0 692 0
40 R 0 693 0
41 R 0 821 0
42 R 0 860 0
43 R 0 917 0
44 R 0 939 0
45 R 0 967 0

DAY = 10
NUMBER_OF_VEHICLES = 41
1 R 0 -53 258 0
2 R 0 -160 11 0
3 R 0 -96 377 0
4 R 0 -125 0
5 R 0 -381 32 0
6 R 0 -713 275 0
7 R 0 -255 0
8 R 0 -552 0
9 R 0 -489 0
10 R 0 -675 0
11 R 0 -724 0
12 R 0 -73 59 0
13 R 0 -426 138 0
14 R 0 -355 0
15 R 0 -826 608 0
16 R 0 -963 630 0
17 R 0 -459 0
18 R 0 -867 110 0
19 R 0 -617 0
20 R 0 -684 0
21 R 0 -206 0
22 R 0 -480 0
23 R 0 -808 0
24 R 0 -367 115 0
25 R 0 -247 175 0
26 R 0 -874 539 0
27 R 0 291 0
28 R 0 399 0
29 R 0 462 0
30 R 0 500 0
31 R 0 543 0
32 R 0 573 0
33 R 0 610 0
34 R 0 696 0
35 R 0 729 0
36 R 0 735 0
37 R 0 745 0
38 R 0 747 0
39 R 0 828 0
40 R 0 841 0
41 R 0 858 0

DAY = 11
NUMBER_OF_VEHICLES = 40
1 R 0 -105 137 0
2 R 0 -450 184 0
3 R 0 -893 288 0
4 R 0 -934 280 0
5 R 0 -515 124 0
6 R 0 -440 7 0
7 R 0 -537 123 0
8 R 0 -35 95 0
9 R 0 -252 188 0
10 R 0 -870 345 0
11 R 0 -936 431 0
12 R 0 -68 313 0
13 R 0 -751 0
14 R 0 -429 374 0
15 R 0 -513 616 0
16 R 0 -445 506 0
17 R 0 -637 787 0
18 R 0 -692 779 0
19 R 0 -860 949 0
20 R 0 -967 824 0
21 R 0 -377 492 0
22 R 0 -608 863 0
23 R 0 -115 242 0
24 R 0 -291 443 0
25 R 0 -462 957 0
26 R 0 -747 864 0
27 R 0 350 0
28 R 0 376 0
29 R 0 541 0
30 R 0 660 0
31 R 0 737 0
32 R 0 740 0
33 R 0 801 0
34 R 0 816 0
35 R 0 829 0
36 R 0 932 0
37 R 0 938 0
38 R 0 948 0
39 R 0 958 0
40 R 0 991 0

DAY = 12
NUMBER_OF_VEHICLES = 58
1 R 0 -74 186 0
2 R 0 -93 126 0
3 R 0 -43 70 0
4 R 0 -223 218 0
5 R 0 -407 253 0
6 R 0 -230 148 0
7 R 0 -507 334 0
8 R 0 -302 169 0
9 R 0 -310 0
10 R 0 -693 0
11 R 0 -821 404 0
12 R 0 -917 0
13 R 0 -939 601 0
14 R 0 -11 182 0
15 R 0 -59 0
16 R 0 -175 301 0
17 R 0 -399 0
18 R 0 -500 0
19 R 0 -841 202 0
20 R 0 -858 388 0
21 R 0 -95 641 0
22 R 0 -188 6 0
23 R 0 -787 835 0
24 R 0 -949 394 0
25 R 0 -492 48 0
26 R 0 -376 498 0
27 R 0 -737 106 0
28 R 0 -829 588 0
29 R 0 287 0
30 R 0 318 0
31 R 0 340 0
32 R 0 379 0
33 R 0 384 0
34 R 0 481 0
35 R 0 488 0
36 R 0 504 0
37 R 0 525 0
38 R 0 540 0
39 R 0 542 0
40 R 0 557 0
41 R 0 621 0
42 R 0 635 0
43 R 0 649 0
44 R 0 654 0
45 R 0 789 0
46 R 0 809 0
47 R 0 813 0
48 R 0 825 0
49 R 0 827 0
50 R 0 857 0
51 R 0 861 0
52 R 0 890 0
53 R 0 908 0
54 R 0 927 0
55 R 0 959 0
56 R 0 975 0
57 R 0 993 0
58 R 0 998 0

DAY = 13
NUMBER_OF_VEHICLES = 54
1 R 0 -258 208 0
2 R 0 -32 65 0
3 R 0 -275 417 0
4 R 0 -138 358 0
5 R 0 -630 532 0
6 R 0 -110 16 0
7 R 0 -539 22 0
8 R 0 -543 80 0
9 R 0 -573 464 0
10 R 0 -610 0
11 R 0 -696 282 0
12 R 0 -729 468 0
13 R 0 -735 351 0
14 R 0 -745 538 0
15 R 0 -828 576 0
16 R 0 -137 0
17 R 0 -184 0
18 R 0 -7 219 0
19 R 0 -123 305 0
20 R 0 -313 226 0
21 R 0 -779 311 0
22 R 0 -863 606 0
23 R 0 -242 421 0
24 R 0 -957 357 0
25 R 0 -660 463 0
26 R 0 -801 487 0
27 R 0 -938 868 0
28 R 0 -948 548 0
29 R 0 -70 584 0
30 R 0 -148 765 0
31 R 0 -404 639 0
32 R 0 -182 922 0
33 R 0 -301 0
34 R 0 -202 942 0
35 R 0 -6 0
36 R 0 -48 0
37 R 0 -287 0
38 R 0 -481 0
39 R 0 -525 585 0
40 R 0 -542 719 0
41 R 0 -635 0
42 R 0 -649 689 0
43 R 0 -857 822 0
44 R 0 -890 0
45 R 0 -959 881 0
46 R 0 -993 0
47 R 0 672 0
48 R 0 795 0
49 R 0 847 0
50 R 0 902 0
51 R 0 918 0
52 R 0 947 0
53 R 0 962 0
54 R 0 987 0

DAY = 14
NUMBER_OF_VEHICLES = 56
1 R 0 -288 235 0
2 R 0 -280 204 0
3 R 0 -124 15 0
4 R 0 -345 44 0
5 R 0 -431 91 0
6 R 0 -374 50 0
7 R 0 -616 163 0
8 R 0 -506 297 0
9 R 0 -824 199 0
10 R 0 -443 260 0
11 R 0 -864 238 0
12 R 0 -350 278 0
13 R 0 -541 518 0
14 R 0 -740 603 0
15 R 0 -816 0
16 R 0 -932 378 0
17 R 0 -958 658 0
18 R 0 -991 151 0
19 R 0 -186 438 0
20 R 0 -126 0
21 R 0 -253 516 0
22 R 0 -601 570 0
23 R 0 -388 676 0
24 R 0 -835 578 0
25 R 0 -394 0
26 R 0 -498 0
27 R 0 -340 425 0
28 R 0 -379 565 0
29 R 0 -488 710 0
30 R 0 -504 383 0
31 R 0 -621 0
32 R 0 -789 725 0
33 R 0 -813 414 0
34 R 0 -825 0
35 R 0 -827 0
36 R 0 -908 613 0
37 R 0 -975 0
38 R 0 -998 728 0
39 R 0 -464 0
40 R 0 -468 0
41 R 0 -219 441 0
42 R 0 -357 0
43 R 0 -463 0
44 R 0 -765 0
45 R 0 -719 0
46 R 0 -881 0
47 R 0 -672 753 0
48 R 0 -847 782 0
49 R 0 -902 0
50 R 0 -962 0
51 R 0 520 0
52 R 0 596 0
53 R 0 612 0
54 R 0 632 0
55 R 0 736 0
56 R 0 978 0

DAY = 15
NUMBER_OF_VEHICLES = 50
1 R 0 -218 0
2 R 0 -334 4 0
3 R 0 -169 136 0
4 R 0 -641 145 0
5 R 0 -106 1 0
6 R 0 -588 244 0
7 R 0 -318 490 0
8 R 0 -384 268 0
9 R 0 -540 174 0
10 R 0 -557 887 0
11 R 0 -654 968 0
12 R 0 -809 271 0
13 R 0 -861 0
14 R 0 -927 0
15 R 0 -208 315 0
16 R 0 -417 0
17 R 0 -532 353 0
18 R 0 -22 270 0
19 R 0 -576 471 0
20 R 0 -305 294 0
21 R 0 -584 312 0
22 R 0 -639 760 0
23 R 0 -922 336 0
24 R 0 -942 667 0
25 R 0 -689 569 0
26 R 0 -947 0
27 R 0 -163 0
28 R 0 -260 0
29 R 0 -238 0
30 R 0 -518 0
31 R 0 -658 0
32 R 0 -151 316 0
33 R 0 -438 0
34 R 0 -570 0
35 R 0 -578 0
36 R 0 -710 0
37 R 0 -725 0
38 R 0 -414 322 0
39 R 0 -596 453 0
40 R 0 -632 533 0
41 R 0 -978 562 0
42 R 0 746 0
43 R 0 749 0
44 R 0 775 0
45 R 0 781 0
46 R 0 799 0
47 R 0 806 0
48 R 0 851 0
49 R 0 919 0
50 R 0 979 0

DAY = 16
NUMBER_OF_VEHICLES = 57
1 R 0 -65 88 0
2 R 0 -358 130 0
3 R 0 -16 46 0
4 R 0 -80 337 0
5 R 0 -282 393 0
6 R 0 -351 0
7 R 0 -538 348 0
8 R 0 -226 55 0
9 R 0 -311 177 0
10 R 0 -606 670 0
11 R 0 -421 469 0
12 R 0 -487 37 0
13 R 0 -868 321 0
14 R 0 -548 699 0
15 R 0 -585 343 0
16 R 0 -822 451 0
17 R 0 -795 911 0
18 R 0 -918 970 0
19 R 0 -987 0
20 R 0 -204 536 0
21 R 0 -15 0
22 R 0 -50 0
23 R 0 -278 0
24 R 0 -603 0
25 R 0 -378 651 0
26 R 0 -516 0
27 R 0 -425 0
28 R 0 -565 0
29 R 0 -383 0
30 R 0 -441 329 0
31 R 0 -782 0
32 R 0 -520 523 0
33 R 0 -612 595 0
34 R 0 -4 0
35 R 0 -887 0
36 R 0 -315 0
37 R 0 -270 0
38 R 0 -471 0
39 R 0 -760 0
40 R 0 -336 320 0
41 R 0 -667 362 0
42 R 0 -569 0
43 R 0 -316 605 0
44 R 0 -746 982 0
45 R 0 -775 0
46 R 0 -851 1000 0
47 R 0 368 0
48 R 0 415 0
49 R 0 457 0
50 R 0 470 0
51 R 0 620 0
52 R 0 698 0
53 R 0 873 0
54 R 0 897 0
55 R 0 929 0
56 R 0 946 0
57 R 0 976 0

DAY = 17
NUMBER_OF_VEHICLES = 37
1 R 0 -235 27 0
2 R 0 -44 0
3 R 0 -91 128 0
4 R 0 -297 514 0
5 R 0 -199 0
6 R 0 -676 815 0
7 R 0 -613 286 0
8 R 0 -728 299 0
9 R 0 -753 352 0
10 R 0 -736 339 0
11 R 0 -145 403 0
12 R 0 -968 195 0
13 R 0 -353 0
14 R 0 -322 677 0
15 R 0 -533 709 0
16 R 0 -806 0
17 R 0 -919 817 0
18 R 0 -979 869 0
19 R 0 -46 109 0
20 R 0 -177 965 0
21 R 0 -670 702 0
22 R 0 -469 225 0
23 R 0 -536 436 0
24 R 0 -651 875 0
25 R 0 -329 0
26 R 0 -470 0
27 R 0 295 0
28 R 0 372 0
29 R 0 604 0
30 R 0 609 0
31 R 0 669 0
32 R 0 682 0
33 R 0 838 0
34 R 0 871 0
35 R 0 892 0
36 R 0 926 0
37 R 0 974 0

DAY = 18
NUMBER_OF_VEHICLES = 45
1 R 0 -136 103 0
2 R 0 -1 144 0
3 R 0 -244 10 0
4 R 0 -490 594 0
5 R 0 -268 549 0
6 R 0 -174 134 0
7 R 0 -271 559 0
8 R 0 -294 579 0
9 R 0 -312 180 0
10 R 0 -453 615 0
11 R 0 -562 807 0
12 R 0 -749 0
13 R 0 -781 201 0
14 R 0 -799 236 0
15 R 0 -88 650 0
16 R 0 -393 248 0
17 R 0 -55 0
18 R 0 -699 262 0
19 R 0 -970 12 0
20 R 0 -595 0
21 R 0 -320 183 0
22 R 0 -982 0
23 R 0 -457 192 0
24 R 0 -929 495 0
25 R 0 -976 574 0
26 R 0 -299 156 0
27 R 0 -339 0
28 R 0 -817 691 0
29 R 0 -225 303 0
30 R 0 -669 491 0
31 R 0 -838 361 0
32 R 0 -892 0
33 R 0 -974 439 0
34 R 0 586 0
35 R 0 683 0
36 R 0 700 0
37 R 0 722 0
38 R 0 872 0
39 R 0 876 0
40 R 0 883 0
41 R 0 885 0
42 R 0 920 0
43 R 0 941 0
44 R 0 981 0
45 R 0 999 0

DAY = 19
NUMBER_OF_VEHICLES = 47
1 R 0 -130 62 0
2 R 0 -337 39 0
3 R 0 -348 194 0
4 R 0 -37 83 0
5 R 0 -321 112 0
6 R 0 -343 264 0
7 R 0 -451 742 0
8 R 0 -911 289 0
9 R 0 -523 215 0
10 R 0 -362 40 0
11 R 0 -605 360 0
12 R 0 -1000 652 0
13 R 0 -368 41 0
14 R 0 -415 51 0
15 R 0 -620 94 0
16 R 0 -698 285 0
17 R 0 -873 349 0
18 R 0 -897 587 0
19 R 0 -946 769 0
20 R 0 -27 785 0
21 R 0 -352 363 0
22 R 0 -403 493 0
23 R 0 -677 674 0
24 R 0 -709 694 0
25 R 0 -965 903 0
26 R 0 -702 522 0
27 R 0 -436 0
28 R 0 -604 78 0
29 R 0 -609 82 0
30 R 0 -682 143 0
31 R 0 -926 571 0
32 R 0 -549 750 0
33 R 0 -134 904 0
34 R 0 -559 774 0
35 R 0 -183 984 0
36 R 0 -495 0
37 R 0 -586 246 0
38 R 0 -722 803 0
39 R 0 -876 833 0
40 R 0 -883 0
41 R 0 432 0
42 R 0 546 0
43 R 0 797 0
44 R 0 846 0
45 R 0 849 0
46 R 0 850 0
47 R 0 880 0

DAY = 20
NUMBER_OF_VEHICLES = 46
1 R 0 -128 274 0
2 R 0 -514 47 0
3 R 0 -815 146 0
4 R 0 -286 279 0
5 R 0 -195 161 0
6 R 0 -869 283 0
7 R 0 -109 0
8 R 0 -875 550 0
9 R 0 -295 63 0
10 R 0 -372 178 0
11 R 0 -871 216 0
12 R 0 -144 401 0
13 R 0 -10 257 0
14 R 0 -594 647 0
15 R 0 -579 424 0
16 R 0 -180 165 0
17 R 0 -615 0
18 R 0 -201 410 0
19 R 0 -248 505 0
20 R 0 -192 224 0
21 R 0 -574 231 0
22 R 0 -303 638 0
23 R 0 -491 0
24 R 0 -361 335 0
25 R 0 -683 703 0
26 R 0 -700 428 0
27 R 0 -872 0
28 R 0 -920 678 0
29 R 0 -941 915 0
30 R 0 -999 997 0
31 R 0 -40 256 0
32 R 0 -652 545 0
33 R 0 -674 715 0
34 R 0 -903 483 0
35 R 0 -82 0
36 R 0 -984 645 0
37 R 0 -846 935 0
38 R 0 -849 0
39 R 0 657 0
40 R 0 685 0
41 R 0 695 0
42 R 0 721 0
43 R 0 758 0
44 R 0 854 0
45 R 0 913 0
46 R 0 992 0

DAY = 21
NUMBER_OF_VEHICLES = 51
1 R 0 -103 17 0
2 R 0 -807 92 0
3 R 0 -236 66 0
4 R 0 -650 307 0
5 R 0 -262 75 0
6 R 0 -12 79 0
7 R 0 -156 116 0
8 R 0 -691 369 0
9 R 0 -439 142 0
10 R 0 -885 108 0
11 R 0 -981 273 0
12 R 0 -62 323 0
13 R 0 -39 389 0
14 R 0 -83 196 0
15 R 0 -264 406 0
16 R 0 -360 319 0
17 R 0 -285 479 0
18 R 0 -349 767 0
19 R 0 -587 0
20 R 0 -769 832 0
21 R 0 -785 842 0
22 R 0 -493 306 0
23 R 0 -694 387 0
24 R 0 -78 412 0
25 R 0 -571 409 0
26 R 0 -750 442 0
27 R 0 -904 977 0
28 R 0 -246 756 0
29 R 0 -803 534 0
30 R 0 -432 0
31 R 0 -546 834 0
32 R 0 -797 446 0
33 R 0 -850 912 0
34 R 0 -47 0
35 R 0 -550 524 0
36 R 0 -63 924 0
37 R 0 -257 0
38 R 0 -424 564 0
39 R 0 -638 0
40 R 0 -335 581 0
41 R 0 -678 591 0
42 R 0 -256 0
43 R 0 -715 568 0
44 R 0 -854 0
45 R 0 614 0
46 R 0 626 0
47 R 0 771 0
48 R 0 773 0
49 R 0 800 0
50 R 0 862 0
51 R 0 954 0

DAY = 22
NUMBER_OF_VEHICLES = 51
1 R 0 -194 292 0
2 R 0 -112 2 0
3 R 0 -742 19 0
4 R 0 -289 0
5 R 0 -215 154 0
6 R 0 -41 85 0
7 R 0 -51 501 0
8 R 0 -94 764 0
9 R 0 -363 346 0
10 R 0 -522 475 0
11 R 0 -143 69 0
12 R 0 -774 172 0
13 R 0 -833 494 0
14 R 0 -880 237 0
15 R 0 -274 461 0
16 R 0 -146 804 0
17 R 0 -279 592 0
18 R 0 -283 510 0
19 R 0 -178 97 0
20 R 0 -216 100 0
21 R 0 -647 167 0
22 R 0 -410 232 0
23 R 0 -505 243 0
24 R 0 -224 931 0
25 R 0 -231 0
26 R 0 -703 217 0
27 R 0 -428 776 0
28 R 0 -545 0
29 R 0 -483 0
30 R 0 -645 0
31 R 0 -935 663 0
32 R 0 -657 0
33 R 0 -695 0
34 R 0 -758 0
35 R 0 -913 777 0
36 R 0 -992 0
37 R 0 -75 418 0
38 R 0 -369 0
39 R 0 -273 679 0
40 R 0 -832 0
41 R 0 -912 697 0
42 R 0 -568 711 0
43 R 0 -614 960 0
44 R 0 396 0
45 R 0 723 0
46 R 0 738 0
47 R 0 752 0
48 R 0 844 0
49 R 0 848 0
50 R 0 909 0
51 R 0 914 0

DAY = 23
NUMBER_OF_VEHICLES = 43
1 R 0 -161 98 0
2 R 0 -401 28 0
3 R 0 -165 60 0
4 R 0 -915 111 0
5 R 0 -997 149 0
6 R 0 -685 118 0
7 R 0 -721 141 0
8 R 0 -66 325 0
9 R 0 -79 251 0
10 R 0 -142 356 0
11 R 0 -319 38 0
12 R 0 -479 0
13 R 0 -767 221 0
14 R 0 -442 153 0
15 R 0 -534 473 0
16 R 0 -446 240 0
17 R 0 -524 229 0
18 R 0 -564 502 0
19 R 0 -626 503 0
20 R 0 -771 622 0
21 R 0 -773 544 0
22 R 0 -954 655 0
23 R 0 -19 341 0
24 R 0 -346 0
25 R 0 -592 642 0
26 R 0 -510 0
27 R 0 -167 517 0
28 R 0 -418 333 0
29 R 0 -697 392 0
30 R 0 -752 405 0
31 R 0 -848 618 0
32 R 0 300 0
33 R 0 476 0
34 R 0 526 0
35 R 0 640 0
36 R 0 648 0
37 R 0 656 0
38 R 0 688 0
39 R 0 763 0
40 R 0 891 0
41 R 0 923 0
42 R 0 989 0
43 R 0 995 0

DAY = 24
NUMBER_OF_VEHICLES = 62
1 R 0 -17 193 0
2 R 0 -92 102 0
3 R 0 -307 131 0
4 R 0 -116 386 0
5 R 0 -108 72 0
6 R 0 -323 296 0
7 R 0 -389 89 0
8 R 0 -196 104 0
9 R 0 -406 330 0
10 R 0 -842 220 0
11 R 0 -306 556 0
12 R 0 -387 347 0
13 R 0 -412 117 0
14 R 0 -409 558 0
15 R 0 -977 276 0
16 R 0 -756 159 0
17 R 0 -834 249 0
18 R 0 -924 338 0
19 R 0 -581 625 0
20 R 0 -591 668 0
21 R 0 -800 707 0
22 R 0 -862 743 0
23 R 0 -2 397 0
24 R 0 -154 398 0
25 R 0 -85 460 0
26 R 0 -475 739 0
27 R 0 -69 600 0
28 R 0 -172 452 0
29 R 0 -494 741 0
30 R 0 -237 671 0
31 R 0 -461 718 0
32 R 0 -804 509 0
33 R 0 -232 661 0
34 R 0 -777 845 0
35 R 0 -679 783 0
36 R 0 -711 757 0
37 R 0 -960 0
38 R 0 -723 901 0
39 R 0 -738 907 0
40 R 0 -914 831 0
41 R 0 -98 906 0
42 R 0 -118 0
43 R 0 -325 0
44 R 0 -251 0
45 R 0 -356 0
46 R 0 -221 535 0
47 R 0 -153 784 0
48 R 0 -473 0
49 R 0 -240 819 0
50 R 0 -229 990 0
51 R 0 -502 886 0
52 R 0 -622 0
53 R 0 -517 0
54 R 0 -618 0
55 R 0 -648 0
56 R 0 -891 0
57 R 0 580 0
58 R 0 731 0
59 R 0 772 0
60 R 0 925 0
61 R 0 955 0
62 R 0 964 0

DAY = 25
NUMBER_OF_VEHICLES = 49
1 R 0 -292 42 0
2 R 0 -501 61 0
3 R 0 -764 212 0
4 R 0 -97 623 0
5 R 0 -100 0
6 R 0 -243 716 0
7 R 0 -931 214 0
8 R 0 -217 86 0
9 R 0 -776 272 0
10 R 0 -663 122 0
11 R 0 -396 0
12 R 0 -844 0
13 R 0 -909 265 0
14 R 0 -28 482 0
15 R 0 -60 391 0
16 R 0 -111 0
17 R 0 -149 761 0
18 R 0 -38 561 0
19 R 0 -503 458 0
20 R 0 -341 882 0
21 R 0 -333 755 0
22 R 0 -392 836 0
23 R 0 -405 888 0
24 R 0 -300 420 0
25 R 0 -526 599 0
26 R 0 -640 980 0
27 R 0 -688 686 0
28 R 0 -102 855 0
29 R 0 -131 986 0
30 R 0 -386 971 0
31 R 0 -296 0
32 R 0 -556 0
33 R 0 -338 973 0
34 R 0 -625 996 0
35 R 0 -668 0
36 R 0 -398 0
37 R 0 -739 0
38 R 0 -600 0
39 R 0 -452 0
40 R 0 -671 0
41 R 0 -907 0
42 R 0 -831 0
43 R 0 -784 0
44 R 0 -964 0
45 R 0 673 0
46 R 0 705 0
47 R 0 778 0
48 R 0 805 0
49 R 0 895 0

DAY = 26
NUMBER_OF_VEHICLES = 41
1 R 0 -141 52 0
2 R 0 -544 233 0
3 R 0 -655 269 0
4 R 0 -642 511 0
5 R 0 -476 254 0
6 R 0 -656 0
7 R 0 -763 0
8 R 0 -923 344 0
9 R 0 -989 664 0
10 R 0 -995 531 0
11 R 0 -193 0
12 R 0 -104 0
13 R 0 -220 0
14 R 0 -347 0
15 R 0 -276 90 0
16 R 0 -159 444 0
17 R 0 -249 560 0
18 R 0 -743 0
19 R 0 -460 162 0
20 R 0 -718 0
21 R 0 -509 234 0
22 R 0 -783 687 0
23 R 0 -757 0
24 R 0 -906 0
25 R 0 -819 0
26 R 0 -990 0
27 R 0 -886 0
28 R 0 -580 304 0
29 R 0 -716 0
30 R 0 -122 0
31 R 0 -265 0
32 R 0 -836 0
33 R 0 -420 472 0
34 R 0 -599 496 0
35 R 0 -980 0
36 R 0 -971 0
37 R 0 -973 0
38 R 0 -996 0
39 R 0 -673 644 0
40 R 0 -895 843 0
41 R 0 877 0

DAY = 27
NUMBER_OF_VEHICLES = 37
1 R 0 -72 222 0
2 R 0 -89 733 0
3 R 0 -330 8 0
4 R 0 -117 0
5 R 0 -558 77 0
6 R 0 -707 0
7 R 0 -397 359 0
8 R 0 -741 127 0
9 R 0 -661 0
10 R 0 -845 619 0
11 R 0 -901 0
12 R 0 -535 366 0
13 R 0 -731 820 0
14 R 0 -772 0
15 R 0 -925 0
16 R 0 -955 454 0
17 R 0 -42 0
18 R 0 -623 0
19 R 0 -214 0
20 R 0 -86 0
21 R 0 -272 786 0
22 R 0 -482 744 0
23 R 0 -761 0
24 R 0 -986 64 0
25 R 0 -778 0
26 R 0 -805 0
27 R 0 -52 0
28 R 0 -269 0
29 R 0 -344 720 0
30 R 0 -531 950 0
31 R 0 -90 0
32 R 0 -304 0
33 R 0 -472 0
34 R 0 -496 0
35 R 0 -644 0
36 R 0 -843 0
37 R 0 823 0

DAY = 28
NUMBER_OF_VEHICLES = 27
1 R 0 -61 839 0
2 R 0 -212 0
3 R 0 -391 0
4 R 0 -561 228 0
5 R 0 -458 0
6 R 0 -882 0
7 R 0 -755 0
8 R 0 -888 0
9 R 0 -686 0
10 R 0 -855 0
11 R 0 -705 0
12 R 0 -664 0
13 R 0 -560 0
14 R 0 -687 30 0
15 R 0 -877 0
16 R 0 -222 190 0
17 R 0 -8 0
18 R 0 -77 0
19 R 0 -359 0
20 R 0 -127 0
21 R 0 -619 0
22 R 0 -820 0
23 R 0 -454 0
24 R 0 -786 0
25 R 0 -720 0
26 R 0 -950 0
27 R 0 -823 0

DAY = 29
NUMBER_OF_VEHICLES = 14
1 R 0 -233 0
2 R 0 -511 0
3 R 0 -254 0
4 R 0 -444 0
5 R 0 -162 0
6 R 0 -234 0
7 R 0 -733 0
8 R 0 -366 0
9 R 0 -744 0
10 R 0 -64 0
11 R 0 -839 0
12 R 0 -228 0
13 R 0 -30 0
14 R 0 -190 0

