DATASET = All time best instance set VeRoLog competition
NAME = vehicles over tools over vehicle days over distance with 1000 requests over 30 days

DAY = 1
NUMBER_OF_VEHICLES = 35
1 R 0 11 0
2 R 0 14 0
3 R 0 33 0
4 R 0 47 0
5 R 0 60 0
6 R 0 93 0
7 R 0 145 0
8 R 0 147 0
9 R 0 170 0
10 R 0 175 0
11 R 0 186 0
12 R 0 256 0
13 R 0 313 0
14 R 0 363 0
15 R 0 368 0
16 R 0 415 0
17 R 0 417 0
18 R 0 429 0
19 R 0 459 0
20 R 0 465 0
21 R 0 522 0
22 R 0 564 0
23 R 0 568 0
24 R 0 607 0
25 R 0 625 0
26 R 0 628 0
27 R 0 668 0
28 R 0 676 0
29 R 0 744 0
30 R 0 805 0
31 R 0 806 0
32 R 0 851 0
33 R 0 852 0
34 R 0 891 0
35 R 0 992 0

DAY = 2
NUMBER_OF_VEHICLES = 47
1 R 0 -47 4 0
2 R 0 -145 8 0
3 R 0 -170 90 0
4 R 0 -313 7 0
5 R 0 -363 35 0
6 R 0 -459 53 0
7 R 0 -607 137 0
8 R 0 -744 227 0
9 R 0 -806 233 0
10 R 0 91 0
11 R 0 149 0
12 R 0 240 0
13 R 0 265 0
14 R 0 281 0
15 R 0 301 0
16 R 0 305 0
17 R 0 308 0
18 R 0 319 0
19 R 0 323 0
20 R 0 330 0
21 R 0 382 0
22 R 0 408 0
23 R 0 419 0
24 R 0 540 0
25 R 0 578 0
26 R 0 615 0
27 R 0 645 0
28 R 0 656 0
29 R 0 683 0
30 R 0 714 0
31 R 0 722 0
32 R 0 749 0
33 R 0 763 0
34 R 0 769 0
35 R 0 778 0
36 R 0 781 0
37 R 0 787 0
38 R 0 808 0
39 R 0 871 0
40 R 0 878 0
41 R 0 894 0
42 R 0 896 0
43 R 0 899 0
44 R 0 912 0
45 R 0 916 0
46 R 0 941 0
47 R 0 965 0

DAY = 3
NUMBER_OF_VEHICLES = 44
1 R 0 -11 100 0
2 R 0 -14 0
3 R 0 -60 128 0
4 R 0 -93 130 0
5 R 0 -147 439 0
6 R 0 -175 23 0
7 R 0 -186 157 0
8 R 0 -256 54 0
9 R 0 -417 167 0
10 R 0 -429 141 0
11 R 0 -465 561 0
12 R 0 -522 665 0
13 R 0 -564 689 0
14 R 0 -625 736 0
15 R 0 -676 184 0
16 R 0 -805 285 0
17 R 0 -851 989 0
18 R 0 -891 180 0
19 R 0 -992 0
20 R 0 -8 234 0
21 R 0 -90 0
22 R 0 -7 340 0
23 R 0 -137 249 0
24 R 0 -233 250 0
25 R 0 -305 471 0
26 R 0 -330 0
27 R 0 -615 377 0
28 R 0 -683 438 0
29 R 0 -769 503 0
30 R 0 -778 619 0
31 R 0 -787 495 0
32 R 0 517 0
33 R 0 530 0
34 R 0 558 0
35 R 0 601 0
36 R 0 739 0
37 R 0 823 0
38 R 0 864 0
39 R 0 867 0
40 R 0 897 0
41 R 0 939 0
42 R 0 950 0
43 R 0 975 0
44 R 0 995 0

DAY = 4
NUMBER_OF_VEHICLES = 46
1 R 0 -33 252 0
2 R 0 -368 73 0
3 R 0 -415 38 0
4 R 0 -568 104 0
5 R 0 -628 48 0
6 R 0 -668 352 0
7 R 0 -852 212 0
8 R 0 -4 57 0
9 R 0 -35 122 0
10 R 0 -227 361 0
11 R 0 -91 203 0
12 R 0 -281 179 0
13 R 0 -301 500 0
14 R 0 -308 613 0
15 R 0 -408 462 0
16 R 0 -540 614 0
17 R 0 -578 482 0
18 R 0 -645 685 0
19 R 0 -781 720 0
20 R 0 -808 224 0
21 R 0 -878 550 0
22 R 0 -894 754 0
23 R 0 -899 585 0
24 R 0 -23 282 0
25 R 0 -141 251 0
26 R 0 -989 632 0
27 R 0 -180 756 0
28 R 0 -340 291 0
29 R 0 -249 341 0
30 R 0 -250 413 0
31 R 0 -377 795 0
32 R 0 -619 469 0
33 R 0 -517 366 0
34 R 0 -530 567 0
35 R 0 -558 802 0
36 R 0 -897 804 0
37 R 0 572 0
38 R 0 674 0
39 R 0 842 0
40 R 0 857 0
41 R 0 865 0
42 R 0 870 0
43 R 0 930 0
44 R 0 936 0
45 R 0 945 0
46 R 0 997 0

DAY = 5
NUMBER_OF_VEHICLES = 51
1 R 0 -53 79 0
2 R 0 -149 154 0
3 R 0 -240 28 0
4 R 0 -265 309 0
5 R 0 -319 299 0
6 R 0 -323 451 0
7 R 0 -382 537 0
8 R 0 -419 160 0
9 R 0 -656 356 0
10 R 0 -714 868 0
11 R 0 -722 416 0
12 R 0 -749 565 0
13 R 0 -763 168 0
14 R 0 -871 165 0
15 R 0 -896 190 0
16 R 0 -912 730 0
17 R 0 -916 229 0
18 R 0 -941 999 0
19 R 0 -965 856 0
20 R 0 -130 880 0
21 R 0 -439 902 0
22 R 0 -157 448 0
23 R 0 -665 973 0
24 R 0 -736 0
25 R 0 -184 0
26 R 0 -234 534 0
27 R 0 -503 369 0
28 R 0 -601 0
29 R 0 -823 0
30 R 0 -867 546 0
31 R 0 -939 582 0
32 R 0 -950 390 0
33 R 0 -975 657 0
34 R 0 -995 596 0
35 R 0 -73 0
36 R 0 -104 0
37 R 0 -48 667 0
38 R 0 -203 687 0
39 R 0 -462 0
40 R 0 -482 0
41 R 0 -685 814 0
42 R 0 -720 817 0
43 R 0 -754 858 0
44 R 0 -251 924 0
45 R 0 -341 0
46 R 0 -795 869 0
47 R 0 -936 923 0
48 R 0 929 0
49 R 0 960 0
50 R 0 974 0
51 R 0 987 0

DAY = 6
NUMBER_OF_VEHICLES = 53
1 R 0 -100 44 0
2 R 0 -128 169 0
3 R 0 -54 173 0
4 R 0 -167 209 0
5 R 0 -561 221 0
6 R 0 -689 242 0
7 R 0 -285 40 0
8 R 0 -471 637 0
9 R 0 -438 70 0
10 R 0 -495 9 0
11 R 0 -739 18 0
12 R 0 -864 85 0
13 R 0 -38 124 0
14 R 0 -352 84 0
15 R 0 -212 318 0
16 R 0 -122 694 0
17 R 0 -500 174 0
18 R 0 -224 215 0
19 R 0 -550 344 0
20 R 0 -282 829 0
21 R 0 -756 247 0
22 R 0 -291 246 0
23 R 0 -413 0
24 R 0 -469 0
25 R 0 -366 380 0
26 R 0 -804 762 0
27 R 0 -674 0
28 R 0 -842 351 0
29 R 0 -870 370 0
30 R 0 -930 461 0
31 R 0 -945 511 0
32 R 0 -997 0
33 R 0 -79 0
34 R 0 -309 0
35 R 0 -299 531 0
36 R 0 -356 602 0
37 R 0 -565 690 0
38 R 0 -999 0
39 R 0 -448 410 0
40 R 0 -534 643 0
41 R 0 -657 835 0
42 R 0 -924 922 0
43 R 0 -960 702 0
44 R 0 703 0
45 R 0 710 0
46 R 0 738 0
47 R 0 747 0
48 R 0 751 0
49 R 0 791 0
50 R 0 800 0
51 R 0 909 0
52 R 0 911 0
53 R 0 951 0

DAY = 7
NUMBER_OF_VEHICLES = 50
1 R 0 -252 108 0
2 R 0 -57 20 0
3 R 0 -361 521 0
4 R 0 -179 6 0
5 R 0 -613 850 0
6 R 0 -614 919 0
7 R 0 -585 2 0
8 R 0 -632 365 0
9 R 0 -567 65 0
10 R 0 -802 949 0
11 R 0 -572 64 0
12 R 0 -857 979 0
13 R 0 -865 80 0
14 R 0 -451 213 0
15 R 0 -537 424 0
16 R 0 -160 0
17 R 0 -416 414 0
18 R 0 -190 106 0
19 R 0 -880 423 0
20 R 0 -369 143 0
21 R 0 -582 0
22 R 0 -687 270 0
23 R 0 -814 0
24 R 0 -817 0
25 R 0 -869 0
26 R 0 -929 0
27 R 0 -987 399 0
28 R 0 -44 557 0
29 R 0 -173 487 0
30 R 0 -209 528 0
31 R 0 -221 650 0
32 R 0 -637 548 0
33 R 0 -70 447 0
34 R 0 -215 583 0
35 R 0 -344 788 0
36 R 0 -247 0
37 R 0 -246 915 0
38 R 0 -351 824 0
39 R 0 -370 0
40 R 0 -461 928 0
41 R 0 -531 0
42 R 0 -690 0
43 R 0 -703 0
44 R 0 -710 0
45 R 0 -751 0
46 R 0 -951 0
47 R 0 646 0
48 R 0 658 0
49 R 0 709 0
50 R 0 956 0

DAY = 8
NUMBER_OF_VEHICLES = 50
1 R 0 -154 17 0
2 R 0 -28 49 0
3 R 0 -868 105 0
4 R 0 -168 338 0
5 R 0 -165 129 0
6 R 0 -730 59 0
7 R 0 -229 153 0
8 R 0 -856 118 0
9 R 0 -902 200 0
10 R 0 -973 258 0
11 R 0 -546 346 0
12 R 0 -390 218 0
13 R 0 -596 436 0
14 R 0 -667 314 0
15 R 0 -858 444 0
16 R 0 -923 477 0
17 R 0 -974 821 0
18 R 0 -169 400 0
19 R 0 -40 379 0
20 R 0 -85 535 0
21 R 0 -84 0
22 R 0 -318 460 0
23 R 0 -694 166 0
24 R 0 -174 0
25 R 0 -762 566 0
26 R 0 -643 0
27 R 0 -922 641 0
28 R 0 -738 0
29 R 0 -747 472 0
30 R 0 -909 0
31 R 0 -108 0
32 R 0 -20 666 0
33 R 0 -6 176 0
34 R 0 -850 0
35 R 0 -65 906 0
36 R 0 -64 187 0
37 R 0 -80 287 0
38 R 0 -270 0
39 R 0 -650 679 0
40 R 0 -583 0
41 R 0 -788 704 0
42 R 0 -928 733 0
43 R 0 -658 389 0
44 R 0 463 0
45 R 0 569 0
46 R 0 673 0
47 R 0 752 0
48 R 0 777 0
49 R 0 836 0
50 R 0 985 0

DAY = 9
NUMBER_OF_VEHICLES = 42
1 R 0 -242 505 0
2 R 0 -9 1 0
3 R 0 -18 222 0
4 R 0 -124 46 0
5 R 0 -829 99 0
6 R 0 -380 50 0
7 R 0 -511 527 0
8 R 0 -602 538 0
9 R 0 -410 300 0
10 R 0 -835 115 0
11 R 0 -702 504 0
12 R 0 -791 908 0
13 R 0 -800 942 0
14 R 0 -911 554 0
15 R 0 -521 0
16 R 0 -2 634 0
17 R 0 -979 0
18 R 0 -414 642 0
19 R 0 -423 768 0
20 R 0 -143 275 0
21 R 0 -399 335 0
22 R 0 -557 883 0
23 R 0 -487 103 0
24 R 0 -548 214 0
25 R 0 -447 437 0
26 R 0 -915 544 0
27 R 0 -49 0
28 R 0 -129 545 0
29 R 0 -59 932 0
30 R 0 -258 0
31 R 0 -218 611 0
32 R 0 -314 993 0
33 R 0 -535 994 0
34 R 0 -166 337 0
35 R 0 -641 0
36 R 0 -666 0
37 R 0 -906 0
38 R 0 -569 496 0
39 R 0 -752 514 0
40 R 0 612 0
41 R 0 937 0
42 R 0 984 0

DAY = 10
NUMBER_OF_VEHICLES = 51
1 R 0 -919 114 0
2 R 0 -365 67 0
3 R 0 -949 125 0
4 R 0 -213 72 0
5 R 0 -424 111 0
6 R 0 -106 12 0
7 R 0 -528 185 0
8 R 0 -824 76 0
9 R 0 -646 315 0
10 R 0 -709 421 0
11 R 0 -956 41 0
12 R 0 -17 272 0
13 R 0 -153 278 0
14 R 0 -444 202 0
15 R 0 -821 248 0
16 R 0 -400 189 0
17 R 0 -379 289 0
18 R 0 -566 295 0
19 R 0 -472 825 0
20 R 0 -176 678 0
21 R 0 -187 695 0
22 R 0 -704 844 0
23 R 0 -733 886 0
24 R 0 -389 830 0
25 R 0 -463 903 0
26 R 0 -777 954 0
27 R 0 -836 0
28 R 0 -505 0
29 R 0 -46 418 0
30 R 0 -99 0
31 R 0 -50 450 0
32 R 0 -527 0
33 R 0 -300 304 0
34 R 0 -115 470 0
35 R 0 -504 387 0
36 R 0 -634 0
37 R 0 -768 0
38 R 0 -275 493 0
39 R 0 -335 592 0
40 R 0 -544 629 0
41 R 0 -611 630 0
42 R 0 -514 0
43 R 0 526 0
44 R 0 580 0
45 R 0 662 0
46 R 0 708 0
47 R 0 748 0
48 R 0 807 0
49 R 0 818 0
50 R 0 833 0
51 R 0 888 0

DAY = 11
NUMBER_OF_VEHICLES = 46
1 R 0 -105 3 0
2 R 0 -338 21 0
3 R 0 -118 328 0
4 R 0 -200 523 0
5 R 0 -346 150 0
6 R 0 -436 225 0
7 R 0 -477 326 0
8 R 0 -460 529 0
9 R 0 -287 66 0
10 R 0 -679 562 0
11 R 0 -673 132 0
12 R 0 -985 296 0
13 R 0 -1 395 0
14 R 0 -222 476 0
15 R 0 -642 743 0
16 R 0 -883 889 0
17 R 0 -103 581 0
18 R 0 -214 593 0
19 R 0 -932 893 0
20 R 0 -994 139 0
21 R 0 -337 712 0
22 R 0 -937 760 0
23 R 0 -984 846 0
24 R 0 -421 953 0
25 R 0 -41 266 0
26 R 0 -272 590 0
27 R 0 -278 653 0
28 R 0 -289 692 0
29 R 0 -825 981 0
30 R 0 -678 966 0
31 R 0 -886 0
32 R 0 -493 827 0
33 R 0 -592 840 0
34 R 0 -629 849 0
35 R 0 -708 525 0
36 R 0 -748 913 0
37 R 0 -818 620 0
38 R 0 770 0
39 R 0 848 0
40 R 0 875 0
41 R 0 918 0
42 R 0 926 0
43 R 0 931 0
44 R 0 961 0
45 R 0 964 0
46 R 0 976 0

DAY = 12
NUMBER_OF_VEHICLES = 55
1 R 0 -538 88 0
2 R 0 -908 216 0
3 R 0 -942 405 0
4 R 0 -554 134 0
5 R 0 -437 5 0
6 R 0 -545 45 0
7 R 0 -993 69 0
8 R 0 -496 83 0
9 R 0 -612 253 0
10 R 0 -114 497 0
11 R 0 -67 443 0
12 R 0 -125 792 0
13 R 0 -111 310 0
14 R 0 -185 360 0
15 R 0 -248 0
16 R 0 -189 577 0
17 R 0 -295 245 0
18 R 0 -830 456 0
19 R 0 -903 510 0
20 R 0 -954 887 0
21 R 0 -418 294 0
22 R 0 -304 0
23 R 0 -470 307 0
24 R 0 -630 355 0
25 R 0 -526 0
26 R 0 -580 0
27 R 0 -662 478 0
28 R 0 -807 597 0
29 R 0 -888 627 0
30 R 0 -21 0
31 R 0 -225 0
32 R 0 -326 0
33 R 0 -529 0
34 R 0 -476 0
35 R 0 -743 0
36 R 0 -581 551 0
37 R 0 -139 639 0
38 R 0 -266 721 0
39 R 0 -849 0
40 R 0 -620 0
41 R 0 -848 0
42 R 0 -875 0
43 R 0 -918 0
44 R 0 -926 0
45 R 0 -931 0
46 R 0 -961 0
47 R 0 -964 0
48 R 0 556 0
49 R 0 560 0
50 R 0 575 0
51 R 0 621 0
52 R 0 688 0
53 R 0 764 0
54 R 0 933 0
55 R 0 952 0

DAY = 13
NUMBER_OF_VEHICLES = 42
1 R 0 -72 513 0
2 R 0 -12 142 0
3 R 0 -76 82 0
4 R 0 -315 559 0
5 R 0 -202 324 0
6 R 0 -695 623 0
7 R 0 -844 113 0
8 R 0 -450 292 0
9 R 0 -387 358 0
10 R 0 -833 584 0
11 R 0 -66 0
12 R 0 -132 0
13 R 0 -296 0
14 R 0 -395 589 0
15 R 0 -593 0
16 R 0 -712 0
17 R 0 -953 0
18 R 0 -590 506 0
19 R 0 -966 0
20 R 0 -976 0
21 R 0 -405 655 0
22 R 0 -69 820 0
23 R 0 -310 0
24 R 0 -245 0
25 R 0 -510 0
26 R 0 -887 231 0
27 R 0 -294 0
28 R 0 -721 0
29 R 0 -556 0
30 R 0 -560 0
31 R 0 -764 0
32 R 0 -933 0
33 R 0 428 0
34 R 0 432 0
35 R 0 555 0
36 R 0 648 0
37 R 0 732 0
38 R 0 740 0
39 R 0 776 0
40 R 0 863 0
41 R 0 958 0
42 R 0 998 0

DAY = 14
NUMBER_OF_VEHICLES = 43
1 R 0 -3 10 0
2 R 0 -328 146 0
3 R 0 -523 267 0
4 R 0 -150 34 0
5 R 0 -562 303 0
6 R 0 -889 376 0
7 R 0 -893 468 0
8 R 0 -760 159 0
9 R 0 -846 183 0
10 R 0 -653 27 0
11 R 0 -692 317 0
12 R 0 -981 483 0
13 R 0 -827 765 0
14 R 0 -840 0
15 R 0 -525 156 0
16 R 0 -913 0
17 R 0 -770 220 0
18 R 0 -134 484 0
19 R 0 -83 196 0
20 R 0 -443 490 0
21 R 0 -360 235 0
22 R 0 -577 706 0
23 R 0 -307 0
24 R 0 -355 0
25 R 0 -478 0
26 R 0 -627 0
27 R 0 -575 367 0
28 R 0 -688 425 0
29 R 0 -559 486 0
30 R 0 -623 680 0
31 R 0 -292 0
32 R 0 -820 0
33 R 0 -555 789 0
34 R 0 -732 794 0
35 R 0 -776 826 0
36 R 0 -958 549 0
37 R 0 -998 595 0
38 R 0 682 0
39 R 0 729 0
40 R 0 785 0
41 R 0 859 0
42 R 0 978 0
43 R 0 980 0

DAY = 15
NUMBER_OF_VEHICLES = 28
1 R 0 -88 39 0
2 R 0 -216 288 0
3 R 0 -5 24 0
4 R 0 -45 269 0
5 R 0 -253 22 0
6 R 0 -497 631 0
7 R 0 -792 707 0
8 R 0 -456 109 0
9 R 0 -597 402 0
10 R 0 -551 163 0
11 R 0 -639 819 0
12 R 0 -621 412 0
13 R 0 -952 573 0
14 R 0 -513 636 0
15 R 0 -113 394 0
16 R 0 -589 782 0
17 R 0 -506 862 0
18 R 0 -648 543 0
19 R 0 -740 834 0
20 R 0 -10 746 0
21 R 0 -376 0
22 R 0 -183 970 0
23 R 0 -317 872 0
24 R 0 -483 0
25 R 0 -765 882 0
26 R 0 -706 0
27 R 0 -595 925 0
28 R 0 -978 0

DAY = 16
NUMBER_OF_VEHICLES = 45
1 R 0 -142 349 0
2 R 0 -82 261 0
3 R 0 -324 37 0
4 R 0 -358 158 0
5 R 0 -584 197 0
6 R 0 -655 199 0
7 R 0 -231 290 0
8 R 0 -428 342 0
9 R 0 -432 454 0
10 R 0 -863 480 0
11 R 0 -146 515 0
12 R 0 -267 0
13 R 0 -303 0
14 R 0 -468 0
15 R 0 -235 62 0
16 R 0 -486 123 0
17 R 0 -680 136 0
18 R 0 -789 0
19 R 0 -549 226 0
20 R 0 -682 140 0
21 R 0 -980 238 0
22 R 0 -288 268 0
23 R 0 -631 441 0
24 R 0 -402 362 0
25 R 0 -819 373 0
26 R 0 -394 0
27 R 0 -834 0
28 R 0 -746 243 0
29 R 0 385 0
30 R 0 502 0
31 R 0 539 0
32 R 0 541 0
33 R 0 552 0
34 R 0 599 0
35 R 0 610 0
36 R 0 624 0
37 R 0 663 0
38 R 0 675 0
39 R 0 693 0
40 R 0 727 0
41 R 0 728 0
42 R 0 753 0
43 R 0 755 0
44 R 0 815 0
45 R 0 900 0

DAY = 17
NUMBER_OF_VEHICLES = 45
1 R 0 -34 71 0
2 R 0 -159 86 0
3 R 0 -27 26 0
4 R 0 -156 164 0
5 R 0 -220 239 0
6 R 0 -484 43 0
7 R 0 -196 230 0
8 R 0 -490 127 0
9 R 0 -367 254 0
10 R 0 -425 353 0
11 R 0 -794 138 0
12 R 0 -826 591 0
13 R 0 -729 322 0
14 R 0 -785 479 0
15 R 0 -859 604 0
16 R 0 -39 719 0
17 R 0 -22 670 0
18 R 0 -707 475 0
19 R 0 -573 0
20 R 0 -636 0
21 R 0 -782 536 0
22 R 0 -970 0
23 R 0 -872 279 0
24 R 0 -158 671 0
25 R 0 -197 759 0
26 R 0 -62 0
27 R 0 -123 0
28 R 0 -136 0
29 R 0 -373 312 0
30 R 0 -243 0
31 R 0 -539 772 0
32 R 0 -541 374 0
33 R 0 -552 838 0
34 R 0 -693 542 0
35 R 0 -728 860 0
36 R 0 -753 0
37 R 0 -900 0
38 R 0 594 0
39 R 0 660 0
40 R 0 698 0
41 R 0 723 0
42 R 0 742 0
43 R 0 884 0
44 R 0 947 0
45 R 0 988 0

DAY = 18
NUMBER_OF_VEHICLES = 54
1 R 0 -24 68 0
2 R 0 -269 98 0
3 R 0 -109 13 0
4 R 0 -163 119 0
5 R 0 -412 191 0
6 R 0 -862 112 0
7 R 0 -543 19 0
8 R 0 -882 210 0
9 R 0 -925 78 0
10 R 0 -349 244 0
11 R 0 -37 92 0
12 R 0 -199 198 0
13 R 0 -342 97 0
14 R 0 -480 208 0
15 R 0 -226 345 0
16 R 0 -140 274 0
17 R 0 -238 286 0
18 R 0 -268 357 0
19 R 0 -441 364 0
20 R 0 -599 407 0
21 R 0 -610 375 0
22 R 0 -663 401 0
23 R 0 -727 481 0
24 R 0 -26 293 0
25 R 0 -43 464 0
26 R 0 -353 431 0
27 R 0 -138 501 0
28 R 0 -322 881 0
29 R 0 -719 652 0
30 R 0 -670 499 0
31 R 0 -671 0
32 R 0 -759 0
33 R 0 -860 0
34 R 0 -698 347 0
35 R 0 -947 0
36 R 0 371 0
37 R 0 384 0
38 R 0 404 0
39 R 0 571 0
40 R 0 626 0
41 R 0 647 0
42 R 0 649 0
43 R 0 654 0
44 R 0 716 0
45 R 0 734 0
46 R 0 757 0
47 R 0 780 0
48 R 0 784 0
49 R 0 801 0
50 R 0 831 0
51 R 0 854 0
52 R 0 877 0
53 R 0 927 0
54 R 0 943 0

DAY = 19
NUMBER_OF_VEHICLES = 47
1 R 0 -261 32 0
2 R 0 -290 181 0
3 R 0 -454 331 0
4 R 0 -515 406 0
5 R 0 -362 42 0
6 R 0 -385 55 0
7 R 0 -502 52 0
8 R 0 -624 193 0
9 R 0 -675 264 0
10 R 0 -755 116 0
11 R 0 -815 148 0
12 R 0 -71 171 0
13 R 0 -86 325 0
14 R 0 -591 440 0
15 R 0 -604 700 0
16 R 0 -475 206 0
17 R 0 -279 223 0
18 R 0 -772 217 0
19 R 0 -594 378 0
20 R 0 -884 232 0
21 R 0 -988 455 0
22 R 0 -13 809 0
23 R 0 -78 334 0
24 R 0 -244 388 0
25 R 0 -198 343 0
26 R 0 -345 576 0
27 R 0 -274 905 0
28 R 0 -286 0
29 R 0 -464 638 0
30 R 0 -347 433 0
31 R 0 -371 520 0
32 R 0 -384 553 0
33 R 0 -571 786 0
34 R 0 -626 0
35 R 0 -649 0
36 R 0 -654 661 0
37 R 0 -784 735 0
38 R 0 -801 828 0
39 R 0 -877 0
40 R 0 -943 920 0
41 R 0 701 0
42 R 0 843 0
43 R 0 861 0
44 R 0 876 0
45 R 0 885 0
46 R 0 983 0
47 R 0 991 0

DAY = 20
NUMBER_OF_VEHICLES = 45
1 R 0 -164 89 0
2 R 0 -239 182 0
3 R 0 -230 133 0
4 R 0 -127 95 0
5 R 0 -254 283 0
6 R 0 -479 302 0
7 R 0 -536 327 0
8 R 0 -312 126 0
9 R 0 -374 131 0
10 R 0 -838 391 0
11 R 0 -542 311 0
12 R 0 -660 430 0
13 R 0 -723 204 0
14 R 0 -742 494 0
15 R 0 -19 498 0
16 R 0 -208 547 0
17 R 0 -357 532 0
18 R 0 -364 767 0
19 R 0 -481 1000 0
20 R 0 -293 635 0
21 R 0 -431 453 0
22 R 0 -881 0
23 R 0 -652 691 0
24 R 0 -499 574 0
25 R 0 -734 640 0
26 R 0 -757 771 0
27 R 0 -854 874 0
28 R 0 -927 711 0
29 R 0 -32 717 0
30 R 0 -264 616 0
31 R 0 -116 0
32 R 0 -171 0
33 R 0 -325 724 0
34 R 0 -440 737 0
35 R 0 -700 803 0
36 R 0 -223 0
37 R 0 -217 0
38 R 0 -455 839 0
39 R 0 -905 813 0
40 R 0 -876 0
41 R 0 -983 853 0
42 R 0 898 0
43 R 0 944 0
44 R 0 968 0
45 R 0 996 0

DAY = 21
NUMBER_OF_VEHICLES = 52
1 R 0 -68 205 0
2 R 0 -98 241 0
3 R 0 -119 58 0
4 R 0 -191 121 0
5 R 0 -112 434 0
6 R 0 -210 446 0
7 R 0 -92 117 0
8 R 0 -97 110 0
9 R 0 -407 211 0
10 R 0 -375 260 0
11 R 0 -401 359 0
12 R 0 -501 177 0
13 R 0 -404 603 0
14 R 0 -647 533 0
15 R 0 -716 588 0
16 R 0 -780 608 0
17 R 0 -831 609 0
18 R 0 -181 276 0
19 R 0 -55 696 0
20 R 0 -52 617 0
21 R 0 -193 718 0
22 R 0 -378 935 0
23 R 0 -809 773 0
24 R 0 -334 669 0
25 R 0 -388 0
26 R 0 -343 725 0
27 R 0 -433 0
28 R 0 -553 0
29 R 0 -735 372 0
30 R 0 -828 403 0
31 R 0 -920 0
32 R 0 -701 0
33 R 0 -843 0
34 R 0 -991 489 0
35 R 0 -89 0
36 R 0 -95 681 0
37 R 0 -302 0
38 R 0 -126 0
39 R 0 -131 0
40 R 0 -311 0
41 R 0 -430 0
42 R 0 -494 841 0
43 R 0 -1000 0
44 R 0 -771 0
45 R 0 -874 0
46 R 0 -616 0
47 R 0 -724 0
48 R 0 -737 873 0
49 R 0 -803 0
50 R 0 -898 0
51 R 0 -996 0
52 R 0 907 0

DAY = 22
NUMBER_OF_VEHICLES = 40
1 R 0 -331 257 0
2 R 0 -406 348 0
3 R 0 -42 31 0
4 R 0 -148 87 0
5 R 0 -206 449 0
6 R 0 -232 473 0
7 R 0 -576 587 0
8 R 0 -638 458 0
9 R 0 -520 207 0
10 R 0 -786 329 0
11 R 0 -661 579 0
12 R 0 -861 705 0
13 R 0 -885 672 0
14 R 0 -182 697 0
15 R 0 -133 280 0
16 R 0 -327 0
17 R 0 -204 810 0
18 R 0 -498 0
19 R 0 -532 0
20 R 0 -767 0
21 R 0 -711 0
22 R 0 -717 0
23 R 0 -813 422 0
24 R 0 -241 350 0
25 R 0 -446 452 0
26 R 0 -110 0
27 R 0 -608 488 0
28 R 0 -609 518 0
29 R 0 -617 677 0
30 R 0 -773 731 0
31 R 0 633 0
32 R 0 741 0
33 R 0 745 0
34 R 0 783 0
35 R 0 847 0
36 R 0 890 0
37 R 0 895 0
38 R 0 934 0
39 R 0 982 0
40 R 0 990 0

DAY = 23
NUMBER_OF_VEHICLES = 43
1 R 0 -283 61 0
2 R 0 -391 793 0
3 R 0 -547 15 0
4 R 0 -635 16 0
5 R 0 -453 162 0
6 R 0 -691 29 0
7 R 0 -574 172 0
8 R 0 -640 151 0
9 R 0 -839 30 0
10 R 0 -853 81 0
11 R 0 -944 396 0
12 R 0 -968 236 0
13 R 0 -205 194 0
14 R 0 -58 467 0
15 R 0 -117 798 0
16 R 0 -177 392 0
17 R 0 -603 259 0
18 R 0 -935 316 0
19 R 0 -669 938 0
20 R 0 -372 457 0
21 R 0 -489 492 0
22 R 0 -681 509 0
23 R 0 -841 516 0
24 R 0 -449 0
25 R 0 -587 0
26 R 0 -458 779 0
27 R 0 -329 321 0
28 R 0 -697 0
29 R 0 -452 442 0
30 R 0 -488 750 0
31 R 0 -518 796 0
32 R 0 -731 822 0
33 R 0 563 0
34 R 0 659 0
35 R 0 766 0
36 R 0 799 0
37 R 0 855 0
38 R 0 879 0
39 R 0 901 0
40 R 0 904 0
41 R 0 955 0
42 R 0 963 0
43 R 0 977 0

DAY = 24
NUMBER_OF_VEHICLES = 49
1 R 0 -121 51 0
2 R 0 -434 195 0
3 R 0 -211 94 0
4 R 0 -260 155 0
5 R 0 -359 219 0
6 R 0 -533 102 0
7 R 0 -588 144 0
8 R 0 -276 75 0
9 R 0 -696 606 0
10 R 0 -718 332 0
11 R 0 -725 339 0
12 R 0 -403 152 0
13 R 0 -873 485 0
14 R 0 -907 598 0
15 R 0 -257 758 0
16 R 0 -348 812 0
17 R 0 -473 393 0
18 R 0 -207 622 0
19 R 0 -579 914 0
20 R 0 -280 354 0
21 R 0 -810 921 0
22 R 0 -847 411 0
23 R 0 -890 651 0
24 R 0 -934 426 0
25 R 0 -990 774 0
26 R 0 -61 524 0
27 R 0 -162 790 0
28 R 0 -172 910 0
29 R 0 -151 816 0
30 R 0 -396 0
31 R 0 -236 971 0
32 R 0 -194 959 0
33 R 0 -798 398 0
34 R 0 -316 0
35 R 0 -457 972 0
36 R 0 -509 0
37 R 0 -796 0
38 R 0 -822 0
39 R 0 -879 0
40 R 0 -901 0
41 R 0 -955 0
42 R 0 409 0
43 R 0 445 0
44 R 0 570 0
45 R 0 586 0
46 R 0 713 0
47 R 0 811 0
48 R 0 832 0
49 R 0 940 0

DAY = 25
NUMBER_OF_VEHICLES = 42
1 R 0 -31 201 0
2 R 0 -87 420 0
3 R 0 -705 56 0
4 R 0 -672 120 0
5 R 0 -422 25 0
6 R 0 -350 519 0
7 R 0 -677 96 0
8 R 0 -633 0
9 R 0 -741 161 0
10 R 0 -745 0
11 R 0 -783 0
12 R 0 -895 320 0
13 R 0 -982 435 0
14 R 0 -793 135 0
15 R 0 -16 0
16 R 0 -81 77 0
17 R 0 -392 107 0
18 R 0 -259 0
19 R 0 -938 284 0
20 R 0 -492 178 0
21 R 0 -516 306 0
22 R 0 -750 715 0
23 R 0 -659 0
24 R 0 -766 0
25 R 0 -799 507 0
26 R 0 -904 775 0
27 R 0 -332 797 0
28 R 0 -598 600 0
29 R 0 -812 664 0
30 R 0 -354 866 0
31 R 0 -411 969 0
32 R 0 -774 0
33 R 0 -971 684 0
34 R 0 -972 699 0
35 R 0 -570 427 0
36 R 0 512 0
37 R 0 686 0
38 R 0 726 0
39 R 0 837 0
40 R 0 845 0
41 R 0 957 0
42 R 0 986 0

DAY = 26
NUMBER_OF_VEHICLES = 42
1 R 0 -15 298 0
2 R 0 -29 381 0
3 R 0 -30 386 0
4 R 0 -467 74 0
5 R 0 -779 0
6 R 0 -321 228 0
7 R 0 -442 333 0
8 R 0 -563 336 0
9 R 0 -855 297 0
10 R 0 -963 618 0
11 R 0 -977 0
12 R 0 -51 466 0
13 R 0 -195 644 0
14 R 0 -94 892 0
15 R 0 -219 273 0
16 R 0 -102 917 0
17 R 0 -606 967 0
18 R 0 -152 0
19 R 0 -758 0
20 R 0 -393 277 0
21 R 0 -622 0
22 R 0 -921 0
23 R 0 -651 0
24 R 0 -426 962 0
25 R 0 -959 0
26 R 0 -445 383 0
27 R 0 -811 605 0
28 R 0 -832 761 0
29 R 0 -940 0
30 R 0 -201 0
31 R 0 -420 0
32 R 0 -120 0
33 R 0 -96 0
34 R 0 -161 0
35 R 0 -135 0
36 R 0 -107 0
37 R 0 -284 0
38 R 0 -866 0
39 R 0 -969 0
40 R 0 -512 0
41 R 0 -837 0
42 R 0 -845 0

DAY = 27
NUMBER_OF_VEHICLES = 32
1 R 0 -155 36 0
2 R 0 -144 237 0
3 R 0 -75 101 0
4 R 0 -339 263 0
5 R 0 -485 262 0
6 R 0 -914 397 0
7 R 0 -524 255 0
8 R 0 -790 271 0
9 R 0 -910 474 0
10 R 0 -816 188 0
11 R 0 -398 0
12 R 0 -409 0
13 R 0 -586 0
14 R 0 -713 0
15 R 0 -56 946 0
16 R 0 -25 508 0
17 R 0 -519 491 0
18 R 0 -320 0
19 R 0 -306 0
20 R 0 -507 0
21 R 0 -797 0
22 R 0 -664 0
23 R 0 -684 0
24 R 0 -427 0
25 R 0 -686 0
26 R 0 -726 0
27 R 0 -333 0
28 R 0 -618 0
29 R 0 -644 0
30 R 0 -917 0
31 R 0 -277 0
32 R 0 -383 0

DAY = 28
NUMBER_OF_VEHICLES = 27
1 R 0 -435 0
2 R 0 -77 0
3 R 0 -178 0
4 R 0 -715 0
5 R 0 -775 0
6 R 0 -600 0
7 R 0 -699 0
8 R 0 -957 0
9 R 0 -986 0
10 R 0 -381 0
11 R 0 -228 192 0
12 R 0 -297 0
13 R 0 -466 0
14 R 0 -892 0
15 R 0 -273 63 0
16 R 0 -967 948 0
17 R 0 -962 0
18 R 0 -605 0
19 R 0 -761 0
20 R 0 -36 0
21 R 0 -237 0
22 R 0 -101 0
23 R 0 -263 0
24 R 0 -397 0
25 R 0 -255 0
26 R 0 -271 0
27 R 0 -474 0

DAY = 29
NUMBER_OF_VEHICLES = 12
1 R 0 -298 0
2 R 0 -386 0
3 R 0 -74 0
4 R 0 -336 0
5 R 0 -262 0
6 R 0 -188 0
7 R 0 -946 0
8 R 0 -508 0
9 R 0 -491 0
10 R 0 -192 0
11 R 0 -63 0
12 R 0 -948 0

