DATASET = All time best instance set VeRoLog competition
NAME = vehicle days over tools over vehicles over distance with 500 requests over 15 days

DAY = 1
NUMBER_OF_VEHICLES = 38
1 R 0 8 0
2 R 0 14 0
3 R 0 31 0
4 R 0 43 0
5 R 0 56 0
6 R 0 74 0
7 R 0 75 0
8 R 0 90 0
9 R 0 94 0
10 R 0 98 0
11 R 0 100 0
12 R 0 118 0
13 R 0 127 0
14 R 0 142 0
15 R 0 150 0
16 R 0 163 0
17 R 0 166 0
18 R 0 196 0
19 R 0 206 0
20 R 0 258 0
21 R 0 274 0
22 R 0 286 0
23 R 0 289 0
24 R 0 317 0
25 R 0 324 0
26 R 0 335 0
27 R 0 369 0
28 R 0 376 0
29 R 0 405 0
30 R 0 414 0
31 R 0 447 0
32 R 0 453 0
33 R 0 461 0
34 R 0 463 0
35 R 0 466 0
36 R 0 484 0
37 R 0 485 0
38 R 0 493 0

DAY = 2
NUMBER_OF_VEHICLES = 44
1 R 0 -31 7 0
2 R 0 -74 1 0
3 R 0 -75 45 0
4 R 0 -100 25 0
5 R 0 -127 71 0
6 R 0 -142 149 0
7 R 0 -166 12 0
8 R 0 -196 29 0
9 R 0 -317 199 0
10 R 0 -376 254 0
11 R 0 -447 121 0
12 R 0 -453 16 0
13 R 0 -463 169 0
14 R 0 -485 28 0
15 R 0 -493 238 0
16 R 0 30 0
17 R 0 62 0
18 R 0 109 0
19 R 0 136 0
20 R 0 165 0
21 R 0 216 0
22 R 0 223 0
23 R 0 247 0
24 R 0 248 0
25 R 0 276 0
26 R 0 306 0
27 R 0 323 0
28 R 0 331 0
29 R 0 333 0
30 R 0 334 0
31 R 0 342 0
32 R 0 343 0
33 R 0 362 0
34 R 0 401 0
35 R 0 402 0
36 R 0 404 0
37 R 0 411 0
38 R 0 412 0
39 R 0 432 0
40 R 0 434 0
41 R 0 444 0
42 R 0 448 0
43 R 0 471 0
44 R 0 480 0

DAY = 3
NUMBER_OF_VEHICLES = 48
1 R 0 -8 52 0
2 R 0 -14 23 0
3 R 0 -94 19 0
4 R 0 -98 59 0
5 R 0 -118 55 0
6 R 0 -150 88 0
7 R 0 -163 96 0
8 R 0 -461 89 0
9 R 0 -45 119 0
10 R 0 -71 148 0
11 R 0 -149 155 0
12 R 0 -12 105 0
13 R 0 -323 108 0
14 R 0 -331 151 0
15 R 0 -333 177 0
16 R 0 -343 0
17 R 0 -362 235 0
18 R 0 -434 255 0
19 R 0 -448 164 0
20 R 0 -471 180 0
21 R 0 207 0
22 R 0 210 0
23 R 0 221 0
24 R 0 227 0
25 R 0 279 0
26 R 0 290 0
27 R 0 292 0
28 R 0 294 0
29 R 0 296 0
30 R 0 305 0
31 R 0 320 0
32 R 0 355 0
33 R 0 370 0
34 R 0 377 0
35 R 0 382 0
36 R 0 393 0
37 R 0 417 0
38 R 0 423 0
39 R 0 437 0
40 R 0 438 0
41 R 0 443 0
42 R 0 452 0
43 R 0 458 0
44 R 0 462 0
45 R 0 468 0
46 R 0 472 0
47 R 0 473 0
48 R 0 494 0

DAY = 4
NUMBER_OF_VEHICLES = 46
1 R 0 -43 40 0
2 R 0 -56 9 0
3 R 0 -90 70 0
4 R 0 -206 17 0
5 R 0 -258 87 0
6 R 0 -274 97 0
7 R 0 -286 53 0
8 R 0 -289 60 0
9 R 0 -324 194 0
10 R 0 -335 66 0
11 R 0 -369 69 0
12 R 0 -405 205 0
13 R 0 -414 115 0
14 R 0 -466 277 0
15 R 0 -484 84 0
16 R 0 -1 156 0
17 R 0 -254 128 0
18 R 0 -16 190 0
19 R 0 -169 285 0
20 R 0 -136 211 0
21 R 0 -165 232 0
22 R 0 -276 372 0
23 R 0 -306 240 0
24 R 0 -334 204 0
25 R 0 -401 380 0
26 R 0 -402 249 0
27 R 0 -404 419 0
28 R 0 -412 351 0
29 R 0 -444 0
30 R 0 -52 0
31 R 0 -23 280 0
32 R 0 -59 0
33 R 0 -88 420 0
34 R 0 -89 0
35 R 0 -105 0
36 R 0 -235 0
37 R 0 -255 0
38 R 0 -164 0
39 R 0 -207 282 0
40 R 0 -279 321 0
41 R 0 -377 354 0
42 R 0 -443 0
43 R 0 -494 0
44 R 0 386 0
45 R 0 440 0
46 R 0 491 0

DAY = 5
NUMBER_OF_VEHICLES = 56
1 R 0 -7 54 0
2 R 0 -25 91 0
3 R 0 -29 93 0
4 R 0 -199 112 0
5 R 0 -121 126 0
6 R 0 -28 49 0
7 R 0 -238 139 0
8 R 0 -30 50 0
9 R 0 -62 140 0
10 R 0 -109 145 0
11 R 0 -216 147 0
12 R 0 -223 152 0
13 R 0 -247 160 0
14 R 0 -248 143 0
15 R 0 -342 141 0
16 R 0 -411 161 0
17 R 0 -432 178 0
18 R 0 -480 176 0
19 R 0 -55 181 0
20 R 0 -96 184 0
21 R 0 -148 187 0
22 R 0 -151 195 0
23 R 0 -221 222 0
24 R 0 -290 252 0
25 R 0 -294 198 0
26 R 0 -296 287 0
27 R 0 -305 192 0
28 R 0 -320 201 0
29 R 0 -393 302 0
30 R 0 -417 327 0
31 R 0 -438 244 0
32 R 0 -452 388 0
33 R 0 -462 203 0
34 R 0 -472 213 0
35 R 0 -473 396 0
36 R 0 -87 341 0
37 R 0 -53 214 0
38 R 0 -66 245 0
39 R 0 -69 364 0
40 R 0 -115 407 0
41 R 0 -211 425 0
42 R 0 -240 486 0
43 R 0 -282 397 0
44 R 0 384 0
45 R 0 387 0
46 R 0 410 0
47 R 0 442 0
48 R 0 457 0
49 R 0 470 0
50 R 0 475 0
51 R 0 481 0
52 R 0 482 0
53 R 0 487 0
54 R 0 497 0
55 R 0 498 0
56 R 0 500 0

DAY = 6
NUMBER_OF_VEHICLES = 54
1 R 0 -19 26 0
2 R 0 -119 3 0
3 R 0 -155 10 0
4 R 0 -108 38 0
5 R 0 -177 92 0
6 R 0 -180 101 0
7 R 0 -210 110 0
8 R 0 -227 120 0
9 R 0 -292 271 0
10 R 0 -355 284 0
11 R 0 -370 316 0
12 R 0 -382 123 0
13 R 0 -423 132 0
14 R 0 -437 360 0
15 R 0 -458 361 0
16 R 0 -468 389 0
17 R 0 -97 394 0
18 R 0 -60 47 0
19 R 0 -194 0
20 R 0 -277 0
21 R 0 -84 135 0
22 R 0 -156 65 0
23 R 0 -232 68 0
24 R 0 -419 0
25 R 0 -351 95 0
26 R 0 -280 243 0
27 R 0 -354 281 0
28 R 0 -386 313 0
29 R 0 -440 353 0
30 R 0 -491 359 0
31 R 0 -54 418 0
32 R 0 -140 106 0
33 R 0 -187 465 0
34 R 0 -195 0
35 R 0 -302 0
36 R 0 -203 114 0
37 R 0 -245 266 0
38 R 0 -364 312 0
39 R 0 -384 0
40 R 0 -387 0
41 R 0 -410 0
42 R 0 -482 476 0
43 R 0 314 0
44 R 0 338 0
45 R 0 340 0
46 R 0 406 0
47 R 0 413 0
48 R 0 415 0
49 R 0 449 0
50 R 0 477 0
51 R 0 479 0
52 R 0 489 0
53 R 0 492 0
54 R 0 496 0

DAY = 7
NUMBER_OF_VEHICLES = 47
1 R 0 -40 24 0
2 R 0 -9 41 0
3 R 0 -70 48 0
4 R 0 -17 4 0
5 R 0 -205 122 0
6 R 0 -128 229 0
7 R 0 -190 5 0
8 R 0 -285 228 0
9 R 0 -372 231 0
10 R 0 -204 230 0
11 R 0 -380 251 0
12 R 0 -249 236 0
13 R 0 -420 253 0
14 R 0 -321 241 0
15 R 0 -49 78 0
16 R 0 -147 86 0
17 R 0 -152 124 0
18 R 0 -141 297 0
19 R 0 -176 269 0
20 R 0 -222 0
21 R 0 -192 310 0
22 R 0 -327 0
23 R 0 -396 371 0
24 R 0 -407 153 0
25 R 0 -486 175 0
26 R 0 -397 375 0
27 R 0 -457 283 0
28 R 0 -481 379 0
29 R 0 -38 264 0
30 R 0 -101 291 0
31 R 0 -120 385 0
32 R 0 -271 298 0
33 R 0 -361 326 0
34 R 0 -394 337 0
35 R 0 -47 268 0
36 R 0 -95 319 0
37 R 0 -243 391 0
38 R 0 -465 427 0
39 R 0 -406 374 0
40 R 0 -413 400 0
41 R 0 -415 441 0
42 R 0 -477 467 0
43 R 0 -496 483 0
44 R 0 344 0
45 R 0 365 0
46 R 0 392 0
47 R 0 478 0

DAY = 8
NUMBER_OF_VEHICLES = 55
1 R 0 -91 6 0
2 R 0 -93 32 0
3 R 0 -112 11 0
4 R 0 -126 162 0
5 R 0 -139 189 0
6 R 0 -50 15 0
7 R 0 -145 20 0
8 R 0 -160 170 0
9 R 0 -143 208 0
10 R 0 -161 219 0
11 R 0 -178 225 0
12 R 0 -181 209 0
13 R 0 -184 46 0
14 R 0 -252 239 0
15 R 0 -198 233 0
16 R 0 -287 273 0
17 R 0 -201 51 0
18 R 0 -244 76 0
19 R 0 -388 79 0
20 R 0 -213 299 0
21 R 0 -341 328 0
22 R 0 -214 336 0
23 R 0 -425 339 0
24 R 0 -442 352 0
25 R 0 -470 103 0
26 R 0 -475 173 0
27 R 0 -487 318 0
28 R 0 -497 367 0
29 R 0 -498 349 0
30 R 0 -500 0
31 R 0 -3 373 0
32 R 0 -10 378 0
33 R 0 -110 445 0
34 R 0 -316 403 0
35 R 0 -123 459 0
36 R 0 -389 426 0
37 R 0 -135 460 0
38 R 0 -68 0
39 R 0 -418 0
40 R 0 -114 0
41 R 0 -312 0
42 R 0 -476 0
43 R 0 -489 0
44 R 0 -492 0
45 R 0 -48 431 0
46 R 0 -122 0
47 R 0 -228 0
48 R 0 -230 0
49 R 0 -375 0
50 R 0 -283 0
51 R 0 -264 0
52 R 0 -319 0
53 R 0 -391 0
54 R 0 -427 0
55 R 0 -483 0

DAY = 9
NUMBER_OF_VEHICLES = 55
1 R 0 -26 63 0
2 R 0 -92 22 0
3 R 0 -284 72 0
4 R 0 -132 77 0
5 R 0 -360 81 0
6 R 0 -65 35 0
7 R 0 -281 129 0
8 R 0 -313 137 0
9 R 0 -353 154 0
10 R 0 -359 185 0
11 R 0 -106 58 0
12 R 0 -266 102 0
13 R 0 -314 146 0
14 R 0 -338 224 0
15 R 0 -340 242 0
16 R 0 -449 263 0
17 R 0 -479 186 0
18 R 0 -4 265 0
19 R 0 -229 193 0
20 R 0 -5 295 0
21 R 0 -297 218 0
22 R 0 -269 130 0
23 R 0 -371 257 0
24 R 0 -298 159 0
25 R 0 -326 202 0
26 R 0 -268 301 0
27 R 0 -441 322 0
28 R 0 -467 261 0
29 R 0 -365 220 0
30 R 0 -6 250 0
31 R 0 -20 325 0
32 R 0 -170 332 0
33 R 0 -209 260 0
34 R 0 -239 272 0
35 R 0 -51 363 0
36 R 0 -299 346 0
37 R 0 -328 288 0
38 R 0 -336 348 0
39 R 0 -339 416 0
40 R 0 -173 368 0
41 R 0 -349 383 0
42 R 0 -403 304 0
43 R 0 -431 309 0
44 R 0 315 0
45 R 0 329 0
46 R 0 390 0
47 R 0 409 0
48 R 0 421 0
49 R 0 422 0
50 R 0 428 0
51 R 0 429 0
52 R 0 469 0
53 R 0 474 0
54 R 0 488 0
55 R 0 495 0

DAY = 10
NUMBER_OF_VEHICLES = 52
1 R 0 -24 37 0
2 R 0 -41 2 0
3 R 0 -231 116 0
4 R 0 -251 138 0
5 R 0 -236 18 0
6 R 0 -253 144 0
7 R 0 -241 21 0
8 R 0 -78 34 0
9 R 0 -86 36 0
10 R 0 -124 57 0
11 R 0 -310 42 0
12 R 0 -153 82 0
13 R 0 -175 83 0
14 R 0 -379 117 0
15 R 0 -291 158 0
16 R 0 -385 125 0
17 R 0 -337 172 0
18 R 0 -374 111 0
19 R 0 -400 134 0
20 R 0 -344 179 0
21 R 0 -392 183 0
22 R 0 -478 217 0
23 R 0 -219 167 0
24 R 0 -225 168 0
25 R 0 -46 131 0
26 R 0 -76 171 0
27 R 0 -367 215 0
28 R 0 -445 174 0
29 R 0 -426 226 0
30 R 0 -460 197 0
31 R 0 -63 259 0
32 R 0 -146 366 0
33 R 0 -186 212 0
34 R 0 -325 381 0
35 R 0 -260 262 0
36 R 0 -363 234 0
37 R 0 -368 311 0
38 R 0 -304 267 0
39 R 0 -409 350 0
40 R 0 -421 424 0
41 R 0 -488 395 0
42 R 0 -495 0
43 R 0 293 0
44 R 0 330 0
45 R 0 347 0
46 R 0 357 0
47 R 0 398 0
48 R 0 435 0
49 R 0 439 0
50 R 0 451 0
51 R 0 464 0
52 R 0 490 0

DAY = 11
NUMBER_OF_VEHICLES = 52
1 R 0 -32 73 0
2 R 0 -11 13 0
3 R 0 -162 80 0
4 R 0 -189 107 0
5 R 0 -15 67 0
6 R 0 -208 113 0
7 R 0 -233 99 0
8 R 0 -273 182 0
9 R 0 -79 39 0
10 R 0 -352 303 0
11 R 0 -103 64 0
12 R 0 -318 133 0
13 R 0 -373 188 0
14 R 0 -378 191 0
15 R 0 -459 200 0
16 R 0 -22 256 0
17 R 0 -72 308 0
18 R 0 -77 430 0
19 R 0 -81 345 0
20 R 0 -35 270 0
21 R 0 -129 455 0
22 R 0 -58 278 0
23 R 0 -102 300 0
24 R 0 -242 307 0
25 R 0 -265 399 0
26 R 0 -193 456 0
27 R 0 -218 0
28 R 0 -202 358 0
29 R 0 -261 0
30 R 0 -250 408 0
31 R 0 -272 433 0
32 R 0 -346 454 0
33 R 0 -428 450 0
34 R 0 -429 0
35 R 0 -37 0
36 R 0 -138 0
37 R 0 -36 499 0
38 R 0 -57 0
39 R 0 -42 0
40 R 0 -117 0
41 R 0 -111 0
42 R 0 -134 0
43 R 0 -167 0
44 R 0 -168 0
45 R 0 -171 0
46 R 0 -259 0
47 R 0 -366 0
48 R 0 -381 0
49 R 0 -395 0
50 R 0 -398 0
51 R 0 -435 0
52 R 0 -439 0

DAY = 12
NUMBER_OF_VEHICLES = 57
1 R 0 -137 61 0
2 R 0 -154 275 0
3 R 0 -185 436 0
4 R 0 -224 85 0
5 R 0 -263 246 0
6 R 0 -295 446 0
7 R 0 -130 27 0
8 R 0 -257 0
9 R 0 -159 44 0
10 R 0 -301 0
11 R 0 -322 0
12 R 0 -220 104 0
13 R 0 -332 0
14 R 0 -288 0
15 R 0 -348 0
16 R 0 -416 0
17 R 0 -383 0
18 R 0 -309 157 0
19 R 0 -315 237 0
20 R 0 -329 0
21 R 0 -390 0
22 R 0 -422 0
23 R 0 -469 0
24 R 0 -474 0
25 R 0 -2 0
26 R 0 -18 0
27 R 0 -21 0
28 R 0 -82 0
29 R 0 -83 0
30 R 0 -158 0
31 R 0 -183 0
32 R 0 -217 0
33 R 0 -174 0
34 R 0 -212 0
35 R 0 -262 0
36 R 0 -234 0
37 R 0 -311 0
38 R 0 -350 0
39 R 0 -293 0
40 R 0 -347 0
41 R 0 -357 0
42 R 0 -451 0
43 R 0 -73 0
44 R 0 -80 0
45 R 0 -113 0
46 R 0 -99 0
47 R 0 -64 0
48 R 0 -133 0
49 R 0 -191 0
50 R 0 -430 0
51 R 0 -270 0
52 R 0 -300 0
53 R 0 -399 0
54 R 0 -358 0
55 R 0 -454 0
56 R 0 -450 0
57 R 0 -499 0

DAY = 13
NUMBER_OF_VEHICLES = 30
1 R 0 -116 0
2 R 0 -144 0
3 R 0 -34 0
4 R 0 -125 33 0
5 R 0 -172 0
6 R 0 -179 0
7 R 0 -131 356 0
8 R 0 -215 0
9 R 0 -226 0
10 R 0 -197 0
11 R 0 -267 0
12 R 0 -424 0
13 R 0 -330 0
14 R 0 -464 0
15 R 0 -490 0
16 R 0 -13 0
17 R 0 -67 0
18 R 0 -188 0
19 R 0 -200 0
20 R 0 -256 0
21 R 0 -308 0
22 R 0 -345 0
23 R 0 -455 0
24 R 0 -307 0
25 R 0 -456 0
26 R 0 -408 0
27 R 0 -436 0
28 R 0 -85 0
29 R 0 -27 0
30 R 0 -157 0

DAY = 14
NUMBER_OF_VEHICLES = 15
1 R 0 -107 0
2 R 0 -182 0
3 R 0 -39 0
4 R 0 -303 0
5 R 0 -278 0
6 R 0 -433 0
7 R 0 -61 0
8 R 0 -275 0
9 R 0 -246 0
10 R 0 -446 0
11 R 0 -44 0
12 R 0 -104 0
13 R 0 -237 0
14 R 0 -33 0
15 R 0 -356 0

